         0.00024820165         0.00010360175         0.00022585198
         0.00019847572         0.00006249163         0.00021964128
         0.00024392569         0.00017591107         0.00024119486
         0.00013973114         0.00020715526         0.00026701433
         0.00010973060         0.00014344782         0.00025175554
         0.00011896416         0.00027874041         0.00030825995
         0.00027256252        -0.00006058274         0.00015052248
         0.00020035762        -0.00007051014         0.00012319678
         0.00029295499        -0.00000457889         0.00019090233
         0.00008821005         0.00003058486        -0.00023825665
         0.00005976052        -0.00001838825        -0.00021186459
         0.00013476075         0.00005570604        -0.00022013615
         0.00158771058         0.00340529885        -0.00084259166
         0.00022571468         0.00294758809        -0.00225262089
         0.00204146958         0.00571929609         0.00092461800
         0.00032894337         0.00017153801        -0.00076334337
         0.00057887533         0.00040237823        -0.00068718311
         0.00018707853         0.00009187796        -0.00049114253
         0.00070705744         0.00046034619        -0.00016422227
         0.00109243762         0.00085973815        -0.00013072901
         0.00058836421         0.00034684781        -0.00000272884
         0.00020158688         0.00025688879         0.00003949523
         0.00026239929         0.00025375818         0.00005049214
         0.00017064130         0.00020951297         0.00006772023
         0.00015907450        -0.00006292280        -0.00017100987
         0.00022171990        -0.00009912199        -0.00020743236
         0.00010576996        -0.00007532042        -0.00013004546
         0.00004937373         0.00008606254        -0.00015589754
         0.00005079484         0.00011829757        -0.00020434963
         0.00005449924         0.00006399646        -0.00016227771
        -0.00009516849        -0.00017089432        -0.00003166386
        -0.00011937248        -0.00021968840        -0.00005738082
        -0.00006721157        -0.00013992328        -0.00002749378
         0.00021136327         0.00007603751        -0.00016938479
         0.00029378297         0.00014538725        -0.00018315314
         0.00022384966         0.00003106610        -0.00018355187
         0.00036805378         0.00017277949         0.00011710963
         0.00031766676         0.00009114562         0.00008053338
         0.00031764039         0.00015211687         0.00016211583
        -0.00004384746        -0.00012718612        -0.00015057756
        -0.00007656202        -0.00017572126        -0.00017657459
        -0.00006640057        -0.00013545348        -0.00011486717
        -0.00006185283        -0.00009997753        -0.00027487643
        -0.00003538571        -0.00006825614        -0.00031637258
        -0.00002938782        -0.00003383284        -0.00024653857
         0.00014280363        -0.00013896038         0.00016825762
         0.00011113493        -0.00015835055         0.00014535688
         0.00016384651        -0.00019334254         0.00016862115
         0.00001039056        -0.00021009376        -0.00003053596
        -0.00002520339        -0.00022016111        -0.00005928773
         0.00005970429        -0.00026497559         0.00000831394
        -0.00036494436        -0.00032453983        -0.00042678314
        -0.00020818972        -0.00022589457        -0.00029102994
        -0.00029475954        -0.00052701386        -0.00040203565
         0.00024821716        -0.00033941360         0.00018751665
         0.00036079700        -0.00049719817         0.00026047399
         0.00029611597        -0.00022006291         0.00020913401
        -0.00011142050        -0.00009563178        -0.00016613691
        -0.00007263816        -0.00012123059        -0.00011990586
        -0.00008686114        -0.00006539197        -0.00015765168
        -0.00019768120         0.00011371872        -0.00026139553
        -0.00021055366         0.00003805052        -0.00027171043
        -0.00018374498         0.00009718317        -0.00019336471
         0.00004900558        -0.00019287405         0.00004121274
         0.00003591806        -0.00020531285         0.00000698803
         0.00005924668        -0.00016537021         0.00008063460
         0.00006928080        -0.00046998088         0.00004715773
         0.00006295388        -0.00032261180         0.00004181145
         0.00011211032        -0.00044518461         0.00010987172
        -0.00049520605         0.00012265009         0.00042023529
        -0.00046719848         0.00027925246         0.00046977301
        -0.00035470664         0.00007933700         0.00038959580
        -0.00151036239         0.00012015357        -0.00073782764
        -0.00096912783        -0.00015157144        -0.00067137061
        -0.00205813996        -0.00068342913        -0.00074918065
        -0.00058149348        -0.00036284949        -0.00002764868
        -0.00067795289        -0.00035618448        -0.00004135832
        -0.00060412998        -0.00019674424         0.00015159732
        -0.00040098065         0.00026875926         0.00010021738
        -0.00048273155         0.00033797720         0.00004722039
        -0.00028779702         0.00025534640         0.00007849571
        -0.00021756833         0.00008555281        -0.00012437131
        -0.00023383227         0.00004329814        -0.00011251682
        -0.00022953590         0.00013667512        -0.00010501487
        -0.00032372930        -0.00000047554         0.00005430963
        -0.00029897695        -0.00002293734         0.00007307832
        -0.00036806687         0.00007775536         0.00010007307
         0.00044832821        -0.00024678106        -0.00027311854
         0.00052704926        -0.00019743262        -0.00016155473
         0.00073246024        -0.00035515093        -0.00047637653
        -0.00079735027         0.00090990886        -0.00015010269
        -0.00109880530         0.00133261113         0.00009542903
        -0.00102757715         0.00089400136        -0.00041558155
        -0.00011891412        -0.00024473817        -0.00010997053
        -0.00006091580        -0.00023610704        -0.00008231803
        -0.00017736772        -0.00036829021        -0.00014382278
        -0.00070884216        -0.00016829682        -0.00008850480
        -0.00050827295        -0.00004920145        -0.00004075586
        -0.00084408280        -0.00005169717        -0.00014811108
        -0.00005218110        -0.00016973962        -0.00007188358
        -0.00002575890        -0.00017741967        -0.00007508444
        -0.00011348707        -0.00015667150        -0.00007966292
        -0.00008727288        -0.00158581787        -0.00044394730
         0.00054249882        -0.00200665636        -0.00097311924
        -0.00068224621        -0.00093837571        -0.00032924874
         0.00047568657        -0.00073262555         0.00012463080
         0.00059376679        -0.00047126047         0.00009154149
         0.00047727206        -0.00105029086         0.00000703787
         0.00159807324        -0.00063261505        -0.00286752583
         0.00439542616         0.00142010434        -0.00391552073
         0.00051315250        -0.00023506091        -0.00179544795
        -0.00041393698        -0.00042157899         0.00022992849
        -0.00038030993        -0.00048873001         0.00011115601
        -0.00042079493        -0.00040398160         0.00006532486
         0.00004136610        -0.00020616912        -0.00011257555
         0.00012970028        -0.00024667956        -0.00015339344
        -0.00001885794        -0.00019993445        -0.00011385160
        -0.00012205262        -0.00015045559         0.00014096531
        -0.00011128236        -0.00015518931         0.00008439928
        -0.00017991388        -0.00019515014         0.00019159808
         0.00041487947        -0.00012562736         0.00002335511
         0.00037704790        -0.00010382855         0.00008299403
         0.00029091939        -0.00009451997        -0.00001362956
        -0.00014447525        -0.00016947969        -0.00007360225
        -0.00020569115        -0.00014525748        -0.00004824879
        -0.00015167952        -0.00015176494        -0.00005530126
        -0.00024688494        -0.00029889449        -0.00012353359
        -0.00018313080        -0.00021220356        -0.00007094086
        -0.00034559301        -0.00037297557        -0.00013566214
        -0.00015065412         0.00002060600         0.00031372051
        -0.00014191503         0.00005462873         0.00040069523
        -0.00017648431        -0.00003756158         0.00034427885
         0.00018908376        -0.00001132420         0.00061667904
         0.00029900741         0.00008312071         0.00085890566
         0.00018653860        -0.00000139769         0.00046572450
        -0.00007819035         0.00025557978         0.00009866804
        -0.00005149144         0.00022711474         0.00012226690
        -0.00006955423         0.00031486284         0.00008819950
         0.00001661064        -0.00002250022         0.00022383988
         0.00001791550         0.00000626689         0.00028529590
         0.00000457231        -0.00000258427         0.00018599311
         0.00002072086         0.00050020113         0.00045864721
         0.00008969605         0.00072733067         0.00063588241
        -0.00001155422         0.00050407747         0.00030435081
        -0.00040147161         0.00031180183         0.00034322612
        -0.00049698204         0.00038101437         0.00057202096
        -0.00034837315         0.00017760718         0.00028925969
         0.00054985284         0.00069851347         0.00143443711
         0.00059208375         0.00103588588         0.00112051811
         0.00068568113         0.00124724515         0.00219513956
        -0.00006739852         0.00018372599         0.00058449785
         0.00002751095         0.00013692915         0.00068242899
        -0.00006466473         0.00029130290         0.00051287452
         0.00001356220         0.00038180355         0.00008860325
         0.00005592523         0.00033710722         0.00009962079
         0.00000254035         0.00034724398         0.00001893522
        -0.00014580398         0.00017371353         0.00014308021
        -0.00012322213         0.00019551076         0.00012654544
        -0.00019827689         0.00022628523         0.00019612501
        -0.00002129254        -0.00012135106        -0.00008218611
        -0.00002352377        -0.00009048366        -0.00010936323
        -0.00001695795        -0.00016333555        -0.00008491409
        -0.00066974686         0.00010848356        -0.00176736911
        -0.00082748495        -0.00143506700        -0.00167465099
        -0.00051610762         0.00051187626        -0.00186014757
        -0.00008959895         0.00020097521        -0.00044895793
        -0.00014286059         0.00021987683        -0.00065697790
        -0.00005478176         0.00012223931        -0.00035504255
         0.00038836604         0.00104015829         0.00024107400
         0.00024464805         0.00072345678         0.00007103366
         0.00054200815         0.00134020287         0.00003704303
        -0.00004325415        -0.00003752653        -0.00019945268
        -0.00004369138        -0.00000385451        -0.00016248432
        -0.00006919477        -0.00000022306        -0.00026089467
        -0.00011374311         0.00003351197        -0.00013569147
        -0.00015579764         0.00004505585        -0.00016466111
        -0.00008562060         0.00000282712        -0.00012653898
         0.00003133437        -0.00069851145         0.00011238492
         0.00002522515        -0.00049654588        -0.00006564643
         0.00017803235        -0.00067013765         0.00023705252
        -0.00024445034        -0.00000880269        -0.00011311685
        -0.00027741671         0.00002821238        -0.00014869151
        -0.00021632183         0.00000825636        -0.00006726818
        -0.00073280292         0.00140982662        -0.00144820840
        -0.00057418387         0.00072060376        -0.00193616222
        -0.00088419491         0.00127268536        -0.00066364263
        -0.00002802260        -0.00019519115         0.00008646240
        -0.00002172491        -0.00015780897         0.00004125803
        -0.00005083435        -0.00025027802         0.00007750197
         0.00004939234        -0.00012611209        -0.00009663675
         0.00003322418        -0.00010235337        -0.00007609508
         0.00003273630        -0.00013108122        -0.00014108749
        -0.00020188164         0.00047161173        -0.00006087609
        -0.00014204883         0.00050640988        -0.00006752125
        -0.00015486056         0.00032926366        -0.00006264751
         0.00010988808         0.00037215849        -0.00004602989
         0.00014719521         0.00033302580        -0.00000454653
         0.00009908170         0.00031944667        -0.00010286969
        -0.00020918463        -0.00042997477        -0.00004243941
        -0.00016305898        -0.00032503290        -0.00017587502
        -0.00018523073        -0.00054761518         0.00004066660
         0.00001331807        -0.00023022185        -0.00013729045
         0.00005045138        -0.00024883179        -0.00010454707
        -0.00000549079        -0.00015189072        -0.00016610501
        -0.00056036384         0.00059565742        -0.00006722621
        -0.00055669754         0.00052467840         0.00012371939
        -0.00038520979         0.00053593199        -0.00006050485
        -0.00016969318         0.00016225010        -0.00037709870
        -0.00018668762         0.00020238321        -0.00027348547
        -0.00020619717         0.00029146332        -0.00046096603
        -0.00004446802         0.00043236750        -0.00017414890
         0.00001421950         0.00043698825        -0.00013385968
        -0.00006269744         0.00040485861        -0.00028990397
        -0.00018860533         0.00016925999         0.00000489062
        -0.00019548601         0.00016781269        -0.00003956343
        -0.00021542171         0.00015296521         0.00002162256
         0.00014727174        -0.00029255962        -0.00001602604
         0.00023414621        -0.00036449137         0.00007461636
         0.00013423340        -0.00023094209        -0.00004575823
        -0.00000535386         0.00008618985        -0.00018807257
         0.00000954748         0.00008230740        -0.00015248722
        -0.00001292364         0.00008526839        -0.00016297899
        -0.00003046856        -0.00008896732        -0.00022907609
        -0.00002086602        -0.00013313991        -0.00031778901
        -0.00005111229        -0.00004423038        -0.00020651126
        -0.00016039575         0.00015905928        -0.00012754248
        -0.00012858484         0.00013637700        -0.00008533033
        -0.00014460622         0.00010865184        -0.00013758954
        -0.00032654300         0.00011472592        -0.00026628482
        -0.00044567441         0.00024947331        -0.00028296632
        -0.00031773014         0.00005411281        -0.00038560296
         0.00011357987        -0.00016568471        -0.00015769087
         0.00019360258        -0.00016173014        -0.00022306470
         0.00010443680        -0.00009921472        -0.00013344572
         0.00003048225        -0.00037429689         0.00014958507
        -0.00003281828        -0.00035904964         0.00024239131
         0.00005845540        -0.00043042632         0.00023397324
        -0.00001188501        -0.00011248996        -0.00029061036
        -0.00000739337        -0.00007414593        -0.00021582355
        -0.00005944500        -0.00004851238        -0.00037331382
         0.00077672780        -0.00167825879         0.00197690206
         0.00088068619        -0.00263539120         0.00175501992
         0.00101958943        -0.00226679911         0.00089926880
        -0.00001025456        -0.00017285442        -0.00000083643
        -0.00001143665        -0.00023617404         0.00000082863
        -0.00001849734        -0.00016861925         0.00002703331
         0.00011858294        -0.00040228017         0.00026989794
         0.00012325770        -0.00047370656         0.00014311472
         0.00017348821        -0.00045842536         0.00050308039
        -0.00048329014        -0.00041255003         0.00036509084
        -0.00044060232        -0.00026755294         0.00022710991
        -0.00086241322        -0.00050355139         0.00062709114
         0.00002546349        -0.00021210092        -0.00006569693
         0.00003561391        -0.00021749909        -0.00005111171
         0.00000800120        -0.00020536942        -0.00014608746
         0.00011060825        -0.00019686399        -0.00024592365
         0.00007799298        -0.00015220619        -0.00016957073
         0.00011521520        -0.00030629830        -0.00018000435
        -0.00029920211        -0.00008631119         0.00008269874
        -0.00023018466        -0.00010986171         0.00004001437
        -0.00024445659        -0.00004269113         0.00007260699
        -0.00062382776         0.00022408368         0.00139196869
        -0.00029274992         0.00021137662         0.00105379951
        -0.00058853056        -0.00005894608         0.00227174681
         0.00001909169        -0.00013604855         0.00018489961
         0.00004107854        -0.00018692965         0.00023123821
         0.00001727203        -0.00009411299         0.00019954267
         0.00013483953         0.00016184790        -0.00042728516
         0.00020510796         0.00015585181        -0.00040477995
         0.00013274930         0.00003278616        -0.00040558318
         0.00021326468        -0.00161926325         0.00041612279
         0.00069060578        -0.00230164330        -0.00005227280
        -0.00000680796        -0.00100185440         0.00021766639
         0.00016777714        -0.00051016471        -0.00065046832
         0.00024409039        -0.00061287224        -0.00038263123
         0.00007061768        -0.00030059056        -0.00045788829
        -0.00004008099         0.00008182601        -0.00026377743
        -0.00009247249         0.00011200643        -0.00029448754
        -0.00000938038         0.00012534544        -0.00032230379
        -0.00018003474        -0.00019034201         0.00032285917
        -0.00018044143        -0.00013114041         0.00024429786
        -0.00026822157        -0.00027455385         0.00040656196
         0.00000462559        -0.00044007119        -0.00004696816
         0.00005381777        -0.00033573202        -0.00011932047
        -0.00012635041        -0.00047862247         0.00003995605
         0.00002536759        -0.00018092598         0.00001352912
         0.00003228167        -0.00023239383         0.00002368394
         0.00002067721        -0.00017080899         0.00005792192
         0.00003655985         0.00145552435        -0.00243050806
        -0.00116626234         0.00213574639        -0.00273351581
         0.00002338335         0.00037025426        -0.00185065035
        -0.00015230112        -0.00035510489         0.00085247602
        -0.00004905880        -0.00032435200         0.00057128547
        -0.00032433164        -0.00040041779         0.00067664335
        -0.00310434295        -0.00102174240         0.00106191552
        -0.00162476339        -0.00067470580         0.00031598207
        -0.00319420534        -0.00276009408        -0.00107599996
         0.00025518566         0.00025042942         0.00004874436
         0.00021940088         0.00017621584         0.00004410160
         0.00020061867         0.00026730644         0.00007778710
         0.00025325433         0.00016965997        -0.00027352341
         0.00017300939         0.00010796607        -0.00021014750
         0.00026642179         0.00018818599        -0.00021879604
        -0.00132439532         0.00217547211         0.00119201107
        -0.00235218640         0.00203122284         0.00185099337
        -0.00072954312         0.00134525765         0.00100356941
        -0.00016076687        -0.00016501817        -0.00061694208
        -0.00017645813        -0.00021849546        -0.00058319982
        -0.00005690488        -0.00029374664        -0.00096552383
         0.00087748758         0.00032815597        -0.00052418629
         0.00055841774         0.00028159240        -0.00039820811
         0.00105878106         0.00085870000        -0.00046955347
         0.00020325314        -0.00008836810        -0.00012987118
         0.00021426800        -0.00004990447        -0.00009014069
         0.00029021946        -0.00012530383        -0.00018430947
        -0.00030976059         0.00053033134         0.00048568897
        -0.00015321238         0.00049689504         0.00049098612
        -0.00025992726         0.00047119027         0.00031704273
        -0.00050399269        -0.00056871968        -0.00027879079
        -0.00033175098        -0.00048144844        -0.00014347971
        -0.00080295838        -0.00044032665        -0.00016392665
         0.00056174712        -0.00053954079         0.00050402323
         0.00033245898        -0.00037883323         0.00041378400
         0.00074189101        -0.00041273917         0.00068407314
         0.00014341860         0.00069051830        -0.00034865974
         0.00018431314         0.00046876848        -0.00035866731
         0.00016457981         0.00099042938        -0.00057986950
         0.00119016504         0.00239303595         0.00032758405
         0.00255623210         0.00308398419         0.00068098596
         0.00046461006         0.00299641901         0.00081209702
        -0.00258729550         0.00059124442         0.00095609487
        -0.00162576626         0.00029353495         0.00024213282
        -0.00181166891         0.00054365871         0.00127375929
         0.00028135118        -0.00005229520         0.00007124645
         0.00037519793        -0.00007100734         0.00005469475
         0.00023857284        -0.00008337652         0.00004060804
         0.00087141044        -0.00102192082        -0.00275079344
         0.00207229165        -0.00243673123        -0.00133400041
         0.00044157780        -0.00032325068        -0.00710316231
         0.00083571683         0.00550972824         0.00204347548
         0.00106906295         0.01416890716         0.00946240606
        -0.00048630938         0.00417665829        -0.00031080952
        -0.00005414982        -0.00032362600        -0.00043870482
        -0.00023946118        -0.00040757088        -0.00048265748
        -0.00004932908        -0.00022100424        -0.00028138519
        -0.00005856781        -0.00024940022        -0.00009279874
         0.00001150028        -0.00021952702        -0.00010964756
        -0.00003500088        -0.00020782113        -0.00010921815
         0.00014544760        -0.00017652291         0.00025068937
         0.00012684035        -0.00012771321         0.00018541015
         0.00009000044        -0.00016283176         0.00025770333
         0.00053825419        -0.00019659812        -0.00014518037
         0.00066660310        -0.00016509539        -0.00018700714
         0.00040796524        -0.00030412222        -0.00030157442
         0.00007957910        -0.00015296125        -0.00015243302
         0.00009080893        -0.00019999328        -0.00023597980
         0.00007097840        -0.00014368633        -0.00013160813
         0.00025446177         0.00021140018        -0.00010881358
         0.00025831966         0.00024372847        -0.00005638213
         0.00025029430         0.00013554668        -0.00011251419
         0.00008838066         0.00045298327        -0.00001545508
         0.00013206070         0.00037536430        -0.00005173401
         0.00008668223         0.00060090080        -0.00006542021
         0.00066380521         0.00016968077         0.00070478512
         0.00073637131         0.00035228947         0.00064474906
         0.00045487925         0.00008396242         0.00045242916
         0.00002358251        -0.00013698425        -0.00011316409
         0.00000529997        -0.00015220925        -0.00013138058
         0.00007965316        -0.00013157124        -0.00012596368
        -0.00000980695        -0.00016362984         0.00023479163
        -0.00004560681        -0.00014465699         0.00021775377
        -0.00001335872        -0.00018681330         0.00018200456
         0.00023169833         0.00003766918         0.00021275930
         0.00025779022         0.00000144750         0.00017551228
         0.00025811083         0.00008485019         0.00021481070
        -0.00007530226        -0.00397822514         0.00136691308
         0.00034707207        -0.00399476674         0.00411454785
        -0.00004335719        -0.00194852891         0.00051901529
         0.00004101421         0.00034544823         0.00045454633
         0.00009745249         0.00026694323         0.00036275446
         0.00003560060         0.00031986303         0.00058618876
         0.00008783325         0.00012460488         0.00072203636
         0.00000384268         0.00001856151         0.00085196730
         0.00027073702         0.00016542822         0.00082799162
        -0.00018168253         0.00001791903         0.00039953612
        -0.00025965022        -0.00003025839         0.00051676802
        -0.00010879174        -0.00000117603         0.00036484836
         0.00049095507        -0.00034147522        -0.00042821529
         0.00019492584        -0.00057979826        -0.00048976727
         0.00080526114        -0.00030556874        -0.00056343245
         0.00274286617        -0.00106836395        -0.00248479651
         0.00167480353        -0.00013996522        -0.00144679495
         0.00285092759         0.00160010002        -0.00368551616
        -0.00071445315        -0.00003078775        -0.00007712411
        -0.00054053629        -0.00004383932         0.00002680802
        -0.00051096096        -0.00001561456        -0.00016316067
         0.00007437593        -0.00065270440         0.00450695918
        -0.00170990483        -0.00024819110         0.00498796682
        -0.00009775348        -0.00061092958         0.00230914752
         0.00021068161         0.00000109222        -0.00013016825
         0.00015139689        -0.00001489183        -0.00010233559
         0.00023530391        -0.00004269798        -0.00015065106
         0.00016914362        -0.00011865875        -0.00000408212
         0.00016027548        -0.00014128438        -0.00005082502
         0.00012726389        -0.00010274976        -0.00000006215
        -0.00036496630        -0.00165440697        -0.00081276431
        -0.00000523214        -0.00109801730        -0.00006761459
        -0.00021606529        -0.00100141972        -0.00113936704
         0.00071845909         0.00051904485         0.00031894117
         0.00052007349         0.00039382576         0.00015810379
         0.00085450503         0.00088713192         0.00040844658
         0.00581893881         0.00279703237         0.00379245067
         0.00385907975         0.00039552695         0.00109107988
         0.00373042926         0.00161438388         0.00552428193
         0.00000727261         0.00000095168         0.00029100466
         0.00003715892        -0.00000865649         0.00024750055
         0.00002821591         0.00002148818         0.00038939164
        -0.00016351387         0.00040544859        -0.00014534327
        -0.00009172232         0.00044767325        -0.00018290446
        -0.00027837680         0.00053010888        -0.00018163273
