2                       (0,0)    (+1.000e+00,+0.000e+00)
2                       (0,0)    (+1.000e+00,+0.000e+00)
2     (+1.446e-04,-1.133e-04)    (+7.469e-01,-6.649e-01)
2     (+1.674e-04,-7.159e-04)    (+1.378e-01,-9.905e-01)
2     (-6.590e-04,-1.520e-03)    (-5.067e-01,-8.621e-01)
2     (-2.495e-03,-1.583e-03)    (-9.144e-01,-4.047e-01)
2     (-4.637e-03,-8.222e-05)    (-9.886e-01,+1.504e-01)
2     (-5.972e-03,+3.090e-03)    (-7.912e-01,+6.115e-01)
2     (-5.608e-03,+7.341e-03)    (-4.519e-01,+8.920e-01)
2     (-3.202e-03,+1.179e-02)    (-8.770e-02,+9.961e-01)
2     (+1.115e-03,+1.567e-02)    (+2.315e-01,+9.727e-01)
2     (+6.882e-03,+1.836e-02)    (+4.810e-01,+8.765e-01)
2     (+1.375e-02,+2.007e-02)    (+6.665e-01,+7.451e-01)
2     (+2.133e-02,+2.072e-02)    (+8.017e-01,+5.970e-01)
2     (+2.952e-02,+2.041e-02)    (+8.963e-01,+4.419e-01)
2     (+3.835e-02,+1.912e-02)    (+9.579e-01,+2.839e-01)
2     (+4.788e-02,+1.667e-02)    (+9.910e-01,+1.239e-01)
2     (+5.809e-02,+1.269e-02)    (+9.975e-01,-3.862e-02)
2     (+6.881e-02,+6.676e-03)    (+9.765e-01,-2.040e-01)
2     (+7.963e-02,-2.010e-03)    (+9.252e-01,-3.709e-01)
2     (+8.976e-02,-1.399e-02)    (+8.394e-01,-5.359e-01)
2     (+9.824e-02,-2.994e-02)    (+7.139e-01,-6.926e-01)
2     (+1.030e-01,-4.941e-02)    (+5.461e-01,-8.299e-01)
2     (+1.026e-01,-7.196e-02)    (+3.358e-01,-9.336e-01)
2     (+9.553e-02,-9.621e-02)    (+8.831e-02,-9.868e-01)
2     (+8.061e-02,-1.200e-01)    (-1.838e-01,-9.723e-01)
2     (+5.757e-02,-1.408e-01)    (-4.593e-01,-8.751e-01)
2     (+2.713e-02,-1.558e-01)    (-7.085e-01,-6.877e-01)
2     (-8.964e-03,-1.623e-01)    (-8.955e-01,-4.144e-01)
2     (-4.803e-02,-1.585e-01)    (-9.833e-01,-7.545e-02)
2     (-8.671e-02,-1.432e-01)    (-9.421e-01,+2.906e-01)
2     (-1.214e-01,-1.166e-01)    (-7.583e-01,+6.298e-01)
2     (-1.483e-01,-7.998e-02)    (-4.433e-01,+8.804e-01)
2     (-1.643e-01,-3.577e-02)    (-3.860e-02,+9.850e-01)
2     (-1.671e-01,+1.250e-02)    (+3.868e-01,+9.068e-01)
2     (-1.555e-01,+6.068e-02)    (+7.467e-01,+6.438e-01)
2     (-1.297e-01,+1.043e-01)    (+9.571e-01,+2.372e-01)
2     (-9.113e-02,+1.389e-01)    (+9.586e-01,-2.314e-01)
2     (-4.285e-02,+1.605e-01)    (+7.372e-01,-6.549e-01)
2     (+1.096e-02,+1.662e-01)    (+3.350e-01,-9.274e-01)
2     (+6.506e-02,+1.543e-01)    (-1.552e-01,-9.736e-01)
2     (+1.135e-01,+1.246e-01)    (-6.110e-01,-7.735e-01)
2     (+1.504e-01,+7.976e-02)    (-9.122e-01,-3.726e-01)
2     (+1.706e-01,+2.372e-02)    (-9.768e-01,+1.268e-01)
2     (+1.705e-01,-3.727e-02)    (-7.857e-01,+5.935e-01)
2     (+1.489e-01,-9.570e-02)    (-3.893e-01,+9.039e-01)
2     (+1.074e-01,-1.437e-01)    (+1.064e-01,+9.780e-01)
2     (+5.086e-02,-1.745e-01)    (+5.712e-01,+8.004e-01)
2     (-1.350e-02,-1.834e-01)    (+8.874e-01,+4.228e-01)
2     (-7.703e-02,-1.689e-01)    (+9.811e-01,-5.414e-02)
2     (-1.312e-01,-1.332e-01)    (+8.391e-01,-5.108e-01)
2     (-1.690e-01,-8.161e-02)    (+5.072e-01,-8.412e-01)
2     (-1.866e-01,-2.130e-02)    (+7.073e-02,-9.797e-01)
2     (-1.830e-01,+3.961e-02)    (-3.699e-01,-9.100e-01)
2     (-1.606e-01,+9.385e-02)    (-7.254e-01,-6.628e-01)
2     (-1.240e-01,+1.361e-01)    (-9.358e-01,-3.007e-01)
2     (-7.894e-02,+1.634e-01)    (-9.783e-01,+1.003e-01)
2     (-3.135e-02,+1.755e-01)    (-8.645e-01,+4.699e-01)
2     (+1.387e-02,+1.740e-01)    (-6.311e-01,+7.558e-01)
2     (+5.326e-02,+1.618e-01)    (-3.266e-01,+9.297e-01)
2     (+8.493e-02,+1.424e-01)    (-1.942e-04,+9.862e-01)
2     (+1.084e-01,+1.193e-01)    (+3.074e-01,+9.378e-01)
2     (+1.242e-01,+9.486e-02)    (+5.679e-01,+8.081e-01)
2     (+1.334e-01,+7.131e-02)    (+7.663e-01,+6.244e-01)
2     (+1.375e-01,+4.996e-02)    (+8.989e-01,+4.129e-01)
2     (+1.378e-01,+3.149e-02)    (+9.705e-01,+1.951e-01)
2     (+1.355e-01,+1.608e-02)    (+9.906e-01,-1.337e-02)
2     (+1.317e-01,+3.607e-03)    (+9.703e-01,-2.029e-01)
2     (+1.270e-01,-6.276e-03)    (+9.208e-01,-3.687e-01)
2     (+1.219e-01,-1.401e-02)    (+8.515e-01,-5.098e-01)
2     (+1.167e-01,-2.009e-02)    (+7.694e-01,-6.277e-01)
2     (+1.118e-01,-2.520e-02)    (+6.795e-01,-7.247e-01)
2     (+1.066e-01,-2.941e-02)    (+5.837e-01,-8.044e-01)
2     (+1.013e-01,-3.343e-02)    (+4.821e-01,-8.696e-01)
2     (+9.583e-02,-3.767e-02)    (+3.731e-01,-9.221e-01)
2     (+8.984e-02,-4.250e-02)    (+2.537e-01,-9.622e-01)
2     (+8.298e-02,-4.811e-02)    (+1.204e-01,-9.881e-01)
2     (+7.503e-02,-5.427e-02)    (-3.376e-02,-9.951e-01)
2     (+6.599e-02,-6.060e-02)    (-2.168e-01,-9.721e-01)
2     (+5.552e-02,-6.699e-02)    (-4.234e-01,-9.018e-01)
2     (+4.322e-02,-7.311e-02)    (-6.380e-01,-7.653e-01)
2     (+2.862e-02,-7.843e-02)    (-8.320e-01,-5.485e-01)
2     (+1.170e-02,-8.179e-02)    (-9.646e-01,-2.504e-01)
2     (-7.483e-03,-8.206e-02)    (-9.908e-01,+1.075e-01)
2     (-2.816e-02,-7.784e-02)    (-8.753e-01,+4.765e-01)
2     (-4.882e-02,-6.796e-02)    (-6.109e-01,+7.873e-01)
2     (-6.727e-02,-5.198e-02)    (-2.303e-01,+9.694e-01)
2     (-8.110e-02,-3.055e-02)    (+1.971e-01,+9.766e-01)
2     (-8.834e-02,-5.491e-03)    (+5.855e-01,+8.058e-01)
2     (-8.809e-02,+2.058e-02)    (+8.618e-01,+4.991e-01)
2     (-8.078e-02,+4.496e-02)    (+9.877e-01,+1.258e-01)
2     (-6.814e-02,+6.557e-02)    (+9.658e-01,-2.415e-01)
2     (-5.194e-02,+8.142e-02)    (+8.295e-01,-5.501e-01)
2     (-3.437e-02,+9.248e-02)    (+6.251e-01,-7.743e-01)
2     (-1.700e-02,+9.947e-02)    (+3.966e-01,-9.124e-01)
2     (-7.301e-04,+1.035e-01)    (+1.762e-01,-9.789e-01)
2     (+1.410e-02,+1.057e-01)    (-1.701e-02,-9.942e-01)
2     (+2.765e-02,+1.070e-01)    (-1.755e-01,-9.783e-01)
2     (+4.040e-02,+1.083e-01)    (-2.990e-01,-9.472e-01)
2     (+5.301e-02,+1.104e-01)    (-3.920e-01,-9.118e-01)
2     (+6.541e-02,+1.148e-01)    (-4.690e-01,-8.732e-01)
2     (+7.850e-02,+1.225e-01)    (-5.387e-01,-8.298e-01)
2     (+9.495e-02,+1.361e-01)    (-6.029e-01,-7.804e-01)
2     (+1.179e-01,+1.568e-01)    (-6.628e-01,-7.226e-01)
2     (+1.510e-01,+1.856e-01)    (-7.178e-01,-6.538e-01)
2     (+1.933e-01,+2.179e-01)    (-7.669e-01,-5.719e-01)
2     (+2.353e-01,+2.440e-01)    (-8.102e-01,-4.782e-01)
2     (+2.687e-01,+2.595e-01)    (-8.484e-01,-3.750e-01)
2     (+2.937e-01,+2.661e-01)    (-8.798e-01,-2.624e-01)
2     (+3.132e-01,+2.664e-01)    (-9.008e-01,-1.399e-01)
2     (+3.299e-01,+2.617e-01)    (-9.070e-01,-7.554e-03)
2     (+3.455e-01,+2.527e-01)    (-8.940e-01,+1.326e-01)
2     (+3.608e-01,+2.391e-01)    (-8.573e-01,+2.788e-01)
2     (+3.763e-01,+2.205e-01)    (-7.923e-01,+4.266e-01)
2     (+3.920e-01,+1.965e-01)    (-6.952e-01,+5.696e-01)
2     (+4.072e-01,+1.666e-01)    (-5.637e-01,+6.991e-01)
2     (+4.210e-01,+1.306e-01)    (-3.977e-01,+8.047e-01)
2     (+4.322e-01,+8.826e-02)    (-2.008e-01,+8.747e-01)
2     (+4.392e-01,+3.974e-02)    (+1.915e-02,+8.973e-01)
2     (+4.402e-01,-1.439e-02)    (+2.497e-01,+8.624e-01)
2     (+4.334e-01,-7.307e-02)    (+4.736e-01,+7.632e-01)
2     (+4.174e-01,-1.339e-01)    (+6.689e-01,+6.003e-01)
2     (+3.906e-01,-1.957e-01)    (+8.156e-01,+3.793e-01)
2     (+3.519e-01,-2.559e-01)    (+8.930e-01,+1.148e-01)
2     (+3.011e-01,-3.114e-01)    (+8.850e-01,-1.704e-01)
2     (+2.386e-01,-3.592e-01)    (+7.838e-01,-4.469e-01)
2     (+1.656e-01,-3.959e-01)    (+5.927e-01,-6.816e-01)
2     (+8.429e-02,-4.186e-01)    (+3.275e-01,-8.428e-01)
2     (-2.216e-03,-4.250e-01)    (+1.653e-02,-9.050e-01)
2     (-9.024e-02,-4.134e-01)    (-3.025e-01,-8.541e-01)
2     (-1.756e-01,-3.832e-01)    (-5.873e-01,-6.910e-01)
2     (-2.538e-01,-3.347e-01)    (-7.974e-01,-4.333e-01)
2     (-3.205e-01,-2.695e-01)    (-9.010e-01,-1.136e-01)
2     (-3.718e-01,-1.904e-01)    (-8.804e-01,+2.244e-01)
2     (-4.045e-01,-1.012e-01)    (-7.363e-01,+5.329e-01)
2     (-4.164e-01,-6.176e-03)    (-4.878e-01,+7.672e-01)
2     (-4.064e-01,+8.947e-02)    (-1.699e-01,+8.933e-01)
2     (-3.748e-01,+1.806e-01)    (+1.718e-01,+8.930e-01)
2     (-3.230e-01,+2.620e-01)    (+4.885e-01,+7.670e-01)
2     (-2.540e-01,+3.294e-01)    (+7.357e-01,+5.345e-01)
2     (-1.715e-01,+3.789e-01)    (+8.800e-01,+2.294e-01)
2     (-8.031e-02,+4.080e-01)    (+9.035e-01,-1.043e-01)
2     (+1.432e-02,+4.154e-01)    (+8.060e-01,-4.214e-01)
2     (+1.075e-01,+4.013e-01)    (+6.035e-01,-6.806e-01)
2     (+1.943e-01,+3.667e-01)    (+3.250e-01,-8.498e-01)
2     (+2.704e-01,+3.141e-01)    (+7.959e-03,-9.100e-01)
2     (+3.322e-01,+2.466e-01)    (-3.072e-01,-8.570e-01)
2     (+3.772e-01,+1.679e-01)    (-5.822e-01,-7.005e-01)
2     (+4.036e-01,+8.223e-02)    (-7.854e-01,-4.620e-01)
2     (+4.107e-01,-6.205e-03)    (-8.954e-01,-1.718e-01)
2     (+3.988e-01,-9.324e-02)    (-9.022e-01,+1.354e-01)
2     (+3.690e-01,-1.750e-01)    (-8.078e-01,+4.249e-01)
2     (+3.231e-01,-2.480e-01)    (-6.257e-01,+6.653e-01)
2     (+2.634e-01,-3.092e-01)    (-3.780e-01,+8.319e-01)
2     (+1.930e-01,-3.563e-01)    (-9.301e-02,+9.095e-01)
2     (+1.151e-01,-3.875e-01)    (+1.984e-01,+8.929e-01)
2     (+3.331e-02,-4.021e-01)    (+4.662e-01,+7.873e-01)
2     (-4.866e-02,-4.000e-01)    (+6.849e-01,+6.071e-01)
2     (-1.273e-01,-3.818e-01)    (+8.357e-01,+3.736e-01)
2     (-1.995e-01,-3.492e-01)    (+9.087e-01,+1.119e-01)
2     (-2.624e-01,-3.045e-01)    (+9.029e-01,-1.525e-01)
2     (-3.143e-01,-2.505e-01)    (+8.255e-01,-3.962e-01)
2     (-3.540e-01,-1.904e-01)    (+6.902e-01,-6.018e-01)
2     (-3.813e-01,-1.274e-01)    (+5.140e-01,-7.577e-01)
2     (-3.970e-01,-6.432e-02)    (+3.153e-01,-8.595e-01)
2     (-4.023e-01,-3.780e-03)    (+1.110e-01,-9.088e-01)
2     (-3.990e-01,+5.225e-02)    (-8.489e-02,-9.115e-01)
2     (-3.891e-01,+1.024e-01)    (-2.625e-01,-8.770e-01)
2     (-3.749e-01,+1.459e-01)    (-4.158e-01,-8.156e-01)
2     (-3.582e-01,+1.825e-01)    (-5.426e-01,-7.376e-01)
2     (-3.409e-01,+2.122e-01)    (-6.433e-01,-6.518e-01)
2     (-3.242e-01,+2.360e-01)    (-7.210e-01,-5.651e-01)
2     (-3.091e-01,+2.539e-01)    (-7.786e-01,-4.836e-01)
2     (-2.966e-01,+2.666e-01)    (-8.198e-01,-4.110e-01)
2     (-2.871e-01,+2.747e-01)    (-8.484e-01,-3.499e-01)
2     (-2.806e-01,+2.786e-01)    (-8.677e-01,-3.014e-01)
2     (-2.770e-01,+2.789e-01)    (-8.803e-01,-2.658e-01)
2     (-2.760e-01,+2.759e-01)    (-8.881e-01,-2.429e-01)
2     (-2.772e-01,+2.700e-01)    (-8.925e-01,-2.319e-01)
2     (-2.800e-01,+2.616e-01)    (-8.942e-01,-2.317e-01)
2     (-2.837e-01,+2.509e-01)    (-8.936e-01,-2.410e-01)
2     (-2.875e-01,+2.390e-01)    (-8.913e-01,-2.566e-01)
2     (-2.910e-01,+2.260e-01)    (-8.871e-01,-2.782e-01)
2     (-2.938e-01,+2.123e-01)    (-8.811e-01,-3.039e-01)
2     (-2.955e-01,+1.989e-01)    (-8.737e-01,-3.313e-01)
2     (-2.960e-01,+1.863e-01)    (-8.657e-01,-3.581e-01)
2     (-2.950e-01,+1.753e-01)    (-8.583e-01,-3.816e-01)
2     (-2.924e-01,+1.670e-01)    (-8.530e-01,-3.988e-01)
2     (-2.882e-01,+1.620e-01)    (-8.518e-01,-4.065e-01)
2     (-2.820e-01,+1.612e-01)    (-8.566e-01,-4.009e-01)
2     (-2.733e-01,+1.656e-01)    (-8.690e-01,-3.778e-01)
2     (-2.609e-01,+1.760e-01)    (-8.894e-01,-3.315e-01)
2     (-2.439e-01,+1.923e-01)    (-9.151e-01,-2.573e-01)
2     (-2.202e-01,+2.141e-01)    (-9.398e-01,-1.499e-01)
2     (-1.873e-01,+2.397e-01)    (-9.526e-01,-5.392e-03)
2     (-1.427e-01,+2.659e-01)    (-9.371e-01,+1.754e-01)
2     (-8.499e-02,+2.877e-01)    (-8.734e-01,+3.837e-01)
2     (-1.471e-02,+2.983e-01)    (-7.427e-01,+5.994e-01)
2     (+6.429e-02,+2.909e-01)    (-5.347e-01,+7.908e-01)
2     (+1.446e-01,+2.602e-01)    (-2.561e-01,+9.197e-01)
2     (+2.163e-01,+2.050e-01)    (+6.628e-02,+9.523e-01)
2     (+2.694e-01,+1.291e-01)    (+3.887e-01,+8.716e-01)
2     (+2.972e-01,+4.101e-02)    (+6.635e-01,+6.854e-01)
2     (+2.978e-01,-4.861e-02)    (+8.538e-01,+4.243e-01)
2     (+2.746e-01,-1.303e-01)    (+9.437e-01,+1.307e-01)
2     (+2.344e-01,-1.977e-01)    (+9.392e-01,-1.546e-01)
2     (+1.847e-01,-2.486e-01)    (+8.614e-01,-4.026e-01)
2     (+1.324e-01,-2.839e-01)    (+7.367e-01,-5.993e-01)
2     (+8.183e-02,-3.063e-01)    (+5.893e-01,-7.431e-01)
2     (+3.565e-02,-3.192e-01)    (+4.370e-01,-8.402e-01)
2     (-5.383e-03,-3.255e-01)    (+2.903e-01,-8.998e-01)
2     (-4.182e-02,-3.279e-01)    (+1.535e-01,-9.312e-01)
2     (-7.454e-02,-3.268e-01)    (+2.812e-02,-9.417e-01)
2     (-1.046e-01,-3.235e-01)    (-8.728e-02,-9.364e-01)
2     (-1.333e-01,-3.180e-01)    (-1.950e-01,-9.182e-01)
2     (-1.616e-01,-3.099e-01)    (-2.972e-01,-8.885e-01)
2     (-1.903e-01,-2.987e-01)    (-3.959e-01,-8.472e-01)
2     (-2.198e-01,-2.834e-01)    (-4.919e-01,-7.933e-01)
2     (-2.501e-01,-2.632e-01)    (-5.849e-01,-7.253e-01)
2     (-2.807e-01,-2.369e-01)    (-6.735e-01,-6.415e-01)
2     (-3.106e-01,-2.036e-01)    (-7.550e-01,-5.404e-01)
2     (-3.383e-01,-1.623e-01)    (-8.260e-01,-4.207e-01)
2     (-3.617e-01,-1.130e-01)    (-8.810e-01,-2.832e-01)
2     (-3.783e-01,-5.579e-02)    (-9.148e-01,-1.298e-01)
2     (-3.857e-01,+8.160e-03)    (-9.219e-01,+3.587e-02)
2     (-3.813e-01,+7.699e-02)    (-8.973e-01,+2.084e-01)
2     (-3.631e-01,+1.479e-01)    (-8.376e-01,+3.804e-01)
2     (-3.299e-01,+2.174e-01)    (-7.409e-01,+5.431e-01)
2     (-2.814e-01,+2.814e-01)    (-6.083e-01,+6.867e-01)
2     (-2.186e-01,+3.358e-01)    (-4.436e-01,+8.017e-01)
2     (-1.440e-01,+3.768e-01)    (-2.536e-01,+8.792e-01)
2     (-6.077e-02,+4.015e-01)    (-4.788e-02,+9.126e-01)
2     (+2.677e-02,+4.078e-01)    (+1.619e-01,+8.982e-01)
2     (+1.140e-01,+3.950e-01)    (+3.635e-01,+8.360e-01)
2     (+1.963e-01,+3.640e-01)    (+5.449e-01,+7.294e-01)
2     (+2.697e-01,+3.168e-01)    (+6.958e-01,+5.854e-01)
2     (+3.309e-01,+2.563e-01)    (+8.086e-01,+4.134e-01)
2     (+3.777e-01,+1.860e-01)    (+8.789e-01,+2.243e-01)
1     (+4.091e-01,+1.098e-01)    (+9.054e-01,+2.907e-02)
1     (+4.258e-01,+3.139e-02)    (+8.897e-01,-1.619e-01)
1     (+4.281e-01,-4.616e-02)    (+8.362e-01,-3.397e-01)
1     (+4.171e-01,-1.205e-01)    (+7.504e-01,-4.984e-01)
1     (+3.951e-01,-1.894e-01)    (+6.388e-01,-6.325e-01)
1     (+3.637e-01,-2.516e-01)    (+5.081e-01,-7.391e-01)
1     (+3.248e-01,-3.063e-01)    (+3.644e-01,-8.173e-01)
1     (+2.799e-01,-3.534e-01)    (+2.130e-01,-8.668e-01)
1     (+2.301e-01,-3.929e-01)    (+5.819e-02,-8.884e-01)
1     (+1.761e-01,-4.249e-01)    (-9.641e-02,-8.827e-01)
1     (+1.182e-01,-4.492e-01)    (-2.479e-01,-8.502e-01)
1     (+5.627e-02,-4.657e-01)    (-3.933e-01,-7.907e-01)
1     (-9.742e-03,-4.735e-01)    (-5.295e-01,-7.038e-01)
1     (-7.901e-02,-4.714e-01)    (-6.508e-01,-5.899e-01)
1     (-1.519e-01,-4.577e-01)    (-7.530e-01,-4.477e-01)
1     (-2.272e-01,-4.299e-01)    (-8.284e-01,-2.780e-01)
1     (-3.024e-01,-3.857e-01)    (-8.676e-01,-8.444e-02)
1     (-3.732e-01,-3.231e-01)    (-8.606e-01,+1.254e-01)
1     (-4.343e-01,-2.413e-01)    (-7.989e-01,+3.388e-01)
1     (-4.792e-01,-1.421e-01)    (-6.784e-01,+5.385e-01)
1     (-5.016e-01,-2.985e-02)    (-5.017e-01,+7.041e-01)
1     (-4.969e-01,+8.841e-02)    (-2.807e-01,+8.164e-01)
1     (-4.640e-01,+2.037e-01)    (-3.505e-02,+8.614e-01)
1     (-4.056e-01,+3.066e-01)    (+2.100e-01,+8.351e-01)
1     (-3.279e-01,+3.903e-01)    (+4.313e-01,+7.444e-01)
1     (-2.395e-01,+4.513e-01)    (+6.108e-01,+6.049e-01)
1     (-1.492e-01,+4.896e-01)    (+7.395e-01,+4.372e-01)
1     (-6.455e-02,+5.084e-01)    (+8.179e-01,+2.617e-01)
1     (+9.151e-03,+5.128e-01)    (+8.532e-01,+9.459e-02)
1     (+6.919e-02,+5.084e-01)    (+8.566e-01,-5.346e-02)
1     (+1.149e-01,+5.002e-01)    (+8.397e-01,-1.776e-01)
1     (+1.469e-01,+4.917e-01)    (+8.122e-01,-2.773e-01)
1     (+1.666e-01,+4.853e-01)    (+7.817e-01,-3.546e-01)
1     (+1.770e-01,+4.814e-01)    (+7.514e-01,-4.151e-01)
1     (+1.785e-01,+4.806e-01)    (+7.248e-01,-4.603e-01)
1     (+1.728e-01,+4.824e-01)    (+7.024e-01,-4.940e-01)
1     (+1.614e-01,+4.861e-01)    (+6.840e-01,-5.195e-01)
1     (+1.459e-01,+4.907e-01)    (+6.682e-01,-5.397e-01)
1     (+1.277e-01,+4.957e-01)    (+6.539e-01,-5.571e-01)
1     (+1.078e-01,+5.005e-01)    (+6.395e-01,-5.735e-01)
1     (+8.727e-02,+5.048e-01)    (+6.236e-01,-5.905e-01)
1     (+6.691e-02,+5.085e-01)    (+6.048e-01,-6.092e-01)
1     (+4.727e-02,+5.119e-01)    (+5.819e-01,-6.302e-01)
1     (+2.894e-02,+5.151e-01)    (+5.529e-01,-6.544e-01)
1     (+1.152e-02,+5.191e-01)    (+5.171e-01,-6.804e-01)
1     (-5.266e-03,+5.250e-01)    (+4.736e-01,-7.072e-01)
1     (-2.246e-02,+5.351e-01)    (+4.212e-01,-7.319e-01)
1     (-4.266e-02,+5.560e-01)    (+3.591e-01,-7.484e-01)
1     (-7.191e-02,+6.057e-01)    (+2.860e-01,-7.390e-01)
1     (+5.904e-01,+3.911e-01)    (-5.383e-01,-4.568e-01)
1     (+6.291e-01,+4.268e-01)    (-5.369e-01,-3.658e-01)
1     (+6.454e-01,+4.400e-01)    (-5.530e-01,-2.901e-01)
1     (+6.541e-01,+4.448e-01)    (-5.713e-01,-2.190e-01)
1     (+6.605e-01,+4.453e-01)    (-5.861e-01,-1.482e-01)
1     (+6.667e-01,+4.423e-01)    (-5.951e-01,-7.611e-02)
1     (+6.738e-01,+4.356e-01)    (-5.968e-01,-1.835e-03)
1     (+6.828e-01,+4.245e-01)    (-5.899e-01,+7.504e-02)
1     (+6.942e-01,+4.078e-01)    (-5.726e-01,+1.546e-01)
1     (+7.087e-01,+3.838e-01)    (-5.427e-01,+2.366e-01)
1     (+7.264e-01,+3.504e-01)    (-4.974e-01,+3.196e-01)
1     (+7.469e-01,+3.052e-01)    (-4.334e-01,+4.013e-01)
1     (+7.689e-01,+2.454e-01)    (-3.476e-01,+4.771e-01)
1     (+7.895e-01,+1.684e-01)    (-2.376e-01,+5.402e-01)
1     (+8.040e-01,+7.301e-02)    (-1.039e-01,+5.809e-01)
1     (+8.062e-01,-4.256e-02)    (+5.042e-02,+5.879e-01)
1     (+7.878e-01,-1.765e-01)    (+2.156e-01,+5.493e-01)
1     (+7.397e-01,-3.234e-01)    (+3.748e-01,+4.559e-01)
1     (+6.538e-01,-4.736e-01)    (+5.049e-01,+3.055e-01)
1     (+5.255e-01,-6.130e-01)    (+5.801e-01,+1.076e-01)
1     (+3.561e-01,-7.249e-01)    (+5.784e-01,-1.149e-01)
1     (+1.542e-01,-7.931e-01)    (+4.897e-01,-3.277e-01)
1     (-6.462e-02,-8.059e-01)    (+3.217e-01,-4.929e-01)
1     (-2.805e-01,-7.590e-01)    (+1.003e-01,-5.790e-01)
1     (-4.737e-01,-6.571e-01)    (-1.359e-01,-5.704e-01)
1     (-6.289e-01,-5.123e-01)    (-3.460e-01,-4.716e-01)
1     (-7.374e-01,-3.409e-01)    (-4.976e-01,-3.040e-01)
1     (-7.980e-01,-1.597e-01)    (-5.725e-01,-9.951e-02)
1     (-8.153e-01,+1.747e-02)    (-5.684e-01,+1.092e-01)
1     (-7.970e-01,+1.808e-01)    (-4.953e-01,+2.946e-01)
1     (-7.518e-01,+3.249e-01)    (-3.705e-01,+4.381e-01)
1     (-6.877e-01,+4.481e-01)    (-2.133e-01,+5.299e-01)
1     (-6.109e-01,+5.509e-01)    (-4.221e-02,+5.671e-01)
1     (-5.255e-01,+6.349e-01)    (+1.267e-01,+5.519e-01)
1     (-4.345e-01,+7.021e-01)    (+2.802e-01,+4.897e-01)
1     (-3.386e-01,+7.542e-01)    (+4.078e-01,+3.875e-01)
1     (-2.381e-01,+7.925e-01)    (+5.010e-01,+2.535e-01)
1     (-1.329e-01,+8.171e-01)    (+5.525e-01,+9.749e-02)
1     (-2.333e-02,+8.272e-01)    (+5.571e-01,-6.932e-02)
1     (+9.016e-02,+8.218e-01)    (+5.118e-01,-2.338e-01)
1     (+2.062e-01,+7.989e-01)    (+4.170e-01,-3.812e-01)
1     (+3.223e-01,+7.569e-01)    (+2.775e-01,-4.961e-01)
1     (+4.352e-01,+6.942e-01)    (+1.034e-01,-5.638e-01)
1     (+5.405e-01,+6.101e-01)    (-8.964e-02,-5.724e-01)
1     (+6.329e-01,+5.049e-01)    (-2.812e-01,-5.151e-01)
1     (+7.072e-01,+3.807e-01)    (-4.478e-01,-3.930e-01)
1     (+7.580e-01,+2.413e-01)    (-5.663e-01,-2.157e-01)
1     (+7.814e-01,+9.196e-02)    (-6.172e-01,-2.416e-03)
1     (+7.749e-01,-6.052e-02)    (-5.891e-01,+2.208e-01)
1     (+7.383e-01,-2.090e-01)    (-4.812e-01,+4.239e-01)
1     (+6.734e-01,-3.467e-01)    (-3.045e-01,+5.776e-01)
1     (+5.837e-01,-4.679e-01)    (-8.110e-02,+6.586e-01)
1     (+4.739e-01,-5.684e-01)    (+1.590e-01,+6.535e-01)
1     (+3.489e-01,-6.453e-01)    (+3.826e-01,+5.617e-01)
1     (+2.136e-01,-6.970e-01)    (+5.587e-01,+3.956e-01)
1     (+7.310e-02,-7.227e-01)    (+6.638e-01,+1.782e-01)
1     (-6.780e-02,-7.223e-01)    (+6.856e-01,-6.021e-02)
1     (-2.041e-01,-6.969e-01)    (+6.242e-01,-2.883e-01)
1     (-3.312e-01,-6.483e-01)    (+4.914e-01,-4.781e-01)
1     (-4.448e-01,-5.798e-01)    (+3.076e-01,-6.094e-01)
1     (-5.418e-01,-4.954e-01)    (+9.781e-02,-6.719e-01)
1     (-6.202e-01,-3.999e-01)    (-1.130e-01,-6.653e-01)
1     (-6.794e-01,-2.983e-01)    (-3.034e-01,-5.978e-01)
1     (-7.201e-01,-1.954e-01)    (-4.578e-01,-4.834e-01)
1     (-7.437e-01,-9.560e-02)    (-5.681e-01,-3.391e-01)
1     (-7.538e-01,-2.503e-03)    (-6.316e-01,-1.811e-01)
1     (-7.532e-01,+8.171e-02)    (-6.522e-01,-2.380e-02)
1     (-7.453e-01,+1.554e-01)    (-6.368e-01,+1.220e-01)
1     (-7.330e-01,+2.177e-01)    (-5.942e-01,+2.494e-01)
1     (-7.193e-01,+2.684e-01)    (-5.334e-01,+3.552e-01)
1     (-7.063e-01,+3.078e-01)    (-4.624e-01,+4.388e-01)
1     (-6.959e-01,+3.364e-01)    (-3.881e-01,+5.019e-01)
1     (-6.891e-01,+3.549e-01)    (-3.154e-01,+5.474e-01)
1     (-6.863e-01,+3.643e-01)    (-2.475e-01,+5.788e-01)
1     (-6.875e-01,+3.655e-01)    (-1.862e-01,+5.992e-01)
1     (-6.921e-01,+3.598e-01)    (-1.322e-01,+6.117e-01)
1     (-6.991e-01,+3.485e-01)    (-8.489e-02,+6.186e-01)
1     (-7.074e-01,+3.334e-01)    (-4.318e-02,+6.218e-01)
1     (-7.157e-01,+3.168e-01)    (-5.281e-03,+6.224e-01)
1     (-7.229e-01,+3.014e-01)    (+3.102e-02,+6.210e-01)
1     (-7.279e-01,+2.901e-01)    (+6.822e-02,+6.175e-01)
1     (-7.296e-01,+2.864e-01)    (+1.090e-01,+6.114e-01)
1     (-7.268e-01,+2.938e-01)    (+1.558e-01,+6.010e-01)
1     (-7.179e-01,+3.152e-01)    (+2.108e-01,+5.839e-01)
1     (-7.004e-01,+3.524e-01)    (+2.744e-01,+5.568e-01)
1     (-6.702e-01,+4.068e-01)    (+3.467e-01,+5.149e-01)
1     (-6.222e-01,+4.770e-01)    (+4.245e-01,+4.529e-01)
1     (-5.505e-01,+5.583e-01)    (+5.012e-01,+3.661e-01)
1     (-4.499e-01,+6.422e-01)    (+5.671e-01,+2.520e-01)
1     (-3.180e-01,+7.169e-01)    (+6.101e-01,+1.123e-01)
1     (-1.576e-01,+7.686e-01)    (+6.184e-01,-4.544e-02)
1     (+2.246e-02,+7.846e-01)    (+5.836e-01,-2.078e-01)
1     (+2.079e-01,+7.575e-01)    (+5.047e-01,-3.581e-01)
1     (+3.823e-01,+6.871e-01)    (+3.883e-01,-4.806e-01)
1     (+5.310e-01,+5.812e-01)    (+2.480e-01,-5.646e-01)
1     (+6.453e-01,+4.531e-01)    (+1.002e-01,-6.069e-01)
1     (+7.231e-01,+3.179e-01)    (-4.030e-02,-6.119e-01)
1     (+7.688e-01,+1.888e-01)    (-1.631e-01,-5.888e-01)
1     (+7.902e-01,+7.535e-02)    (-2.630e-01,-5.484e-01)
1     (+7.961e-01,-1.752e-02)    (-3.395e-01,-5.007e-01)
1     (+7.942e-01,-8.829e-02)    (-3.950e-01,-4.532e-01)
1     (+7.904e-01,-1.378e-01)    (-4.333e-01,-4.105e-01)
1     (+7.882e-01,-1.682e-01)    (-4.582e-01,-3.749e-01)
1     (+7.891e-01,-1.822e-01)    (-4.731e-01,-3.468e-01)
1     (+7.933e-01,-1.827e-01)    (-4.812e-01,-3.251e-01)
1     (+8.002e-01,-1.723e-01)    (-4.845e-01,-3.086e-01)
1     (+8.086e-01,-1.536e-01)    (-4.850e-01,-2.958e-01)
1     (+8.174e-01,-1.290e-01)    (-4.839e-01,-2.847e-01)
1     (+8.257e-01,-1.009e-01)    (-4.826e-01,-2.740e-01)
1     (+8.330e-01,-7.162e-02)    (-4.820e-01,-2.622e-01)
1     (+8.388e-01,-4.324e-02)    (-4.826e-01,-2.481e-01)
1     (+8.433e-01,-1.762e-02)    (-4.851e-01,-2.306e-01)
1     (+8.467e-01,+3.606e-03)    (-4.893e-01,-2.087e-01)
1     (+8.494e-01,+1.902e-02)    (-4.952e-01,-1.815e-01)
1     (+8.517e-01,+2.764e-02)    (-5.019e-01,-1.482e-01)
1     (+8.538e-01,+2.829e-02)    (-5.084e-01,-1.079e-01)
1     (+8.559e-01,+2.018e-02)    (-5.132e-01,-6.026e-02)
1     (+8.577e-01,+2.698e-03)    (-5.142e-01,-4.936e-03)
1     (+8.586e-01,-2.460e-02)    (-5.088e-01,+5.779e-02)
1     (+8.577e-01,-6.197e-02)    (-4.944e-01,+1.270e-01)
1     (+8.537e-01,-1.094e-01)    (-4.679e-01,+2.008e-01)
1     (+8.449e-01,-1.667e-01)    (-4.265e-01,+2.765e-01)
1     (+8.294e-01,-2.332e-01)    (-3.678e-01,+3.499e-01)
1     (+8.050e-01,-3.077e-01)    (-2.904e-01,+4.158e-01)
1     (+7.693e-01,-3.888e-01)    (-1.946e-01,+4.682e-01)
1     (+7.199e-01,-4.740e-01)    (-8.255e-02,+5.002e-01)
1     (+6.549e-01,-5.605e-01)    (+4.116e-02,+5.053e-01)
1     (+5.724e-01,-6.444e-01)    (+1.692e-01,+4.780e-01)
1     (+4.716e-01,-7.213e-01)    (+2.916e-01,+4.150e-01)
1     (+3.525e-01,-7.863e-01)    (+3.968e-01,+3.161e-01)
1     (+2.164e-01,-8.341e-01)    (+4.723e-01,+1.855e-01)
1     (+6.595e-02,-8.592e-01)    (+5.064e-01,+3.226e-02)
1     (-9.449e-02,-8.565e-01)    (+4.905e-01,-1.298e-01)
1     (-2.590e-01,-8.220e-01)    (+4.208e-01,-2.833e-01)
1     (-4.194e-01,-7.530e-01)    (+3.007e-01,-4.083e-01)
1     (-5.678e-01,-6.486e-01)    (+1.405e-01,-4.869e-01)
1     (-6.951e-01,-5.102e-01)    (-4.183e-02,-5.048e-01)
1     (-7.918e-01,-3.418e-01)    (-2.227e-01,-4.545e-01)
1     (-8.495e-01,-1.503e-01)    (-3.757e-01,-3.386e-01)
1     (-8.612e-01,+5.475e-02)    (-4.758e-01,-1.702e-01)
1     (-8.226e-01,+2.617e-01)    (-5.041e-01,+2.729e-02)
1     (-7.325e-01,+4.571e-01)    (-4.523e-01,+2.235e-01)
1     (-5.938e-01,+6.271e-01)    (-3.249e-01,+3.855e-01)
1     (-4.132e-01,+7.585e-01)    (-1.406e-01,+4.840e-01)
1     (-2.015e-01,+8.400e-01)    (+7.056e-02,+4.988e-01)
1     (+2.727e-02,+8.634e-01)    (+2.713e-01,+4.244e-01)
1     (+2.567e-01,+8.248e-01)    (+4.243e-01,+2.715e-01)
1     (+4.695e-01,+7.251e-01)    (+4.994e-01,+6.657e-02)
1     (+6.488e-01,+5.702e-01)    (+4.803e-01,-1.526e-01)
1     (+7.799e-01,+3.709e-01)    (+3.686e-01,-3.439e-01)
1     (+8.517e-01,+1.422e-01)    (+1.845e-01,-4.694e-01)
1     (+8.579e-01,-9.827e-02)    (-3.677e-02,-5.031e-01)
1     (+7.973e-01,-3.316e-01)    (-2.515e-01,-4.372e-01)
1     (+6.745e-01,-5.394e-01)    (-4.165e-01,-2.841e-01)
1     (+4.991e-01,-7.051e-01)    (-4.982e-01,-7.425e-02)
1     (+2.852e-01,-8.159e-01)    (-4.801e-01,+1.502e-01)
1     (+4.960e-02,-8.634e-01)    (-3.658e-01,+3.438e-01)
1     (-1.892e-01,-8.447e-01)    (-1.790e-01,+4.676e-01)
1     (-4.128e-01,-7.619e-01)    (+4.228e-02,+4.973e-01)
1     (-6.046e-01,-6.224e-01)    (+2.532e-01,+4.278e-01)
1     (-7.508e-01,-4.375e-01)    (+4.118e-01,+2.745e-01)
1     (-8.416e-01,-2.218e-01)    (+4.876e-01,+6.904e-02)
1     (-8.717e-01,+8.368e-03)    (+4.673e-01,-1.472e-01)
1     (-8.406e-01,+2.362e-01)    (+3.569e-01,-3.319e-01)
1     (-7.523e-01,+4.459e-01)    (+1.799e-01,-4.503e-01)
1     (-6.148e-01,+6.238e-01)    (-2.861e-02,-4.818e-01)
1     (-4.390e-01,+7.591e-01)    (-2.287e-01,-4.228e-01)
1     (-2.380e-01,+8.448e-01)    (-3.838e-01,-2.869e-01)
1     (-2.559e-02,+8.778e-01)    (-4.675e-01,-1.010e-01)
1     (+1.845e-01,+8.588e-01)    (-4.673e-01,+1.005e-01)
1     (+3.799e-01,+7.918e-01)    (-3.860e-01,+2.824e-01)
1     (+5.505e-01,+6.836e-01)    (-2.404e-01,+4.147e-01)
1     (+6.884e-01,+5.429e-01)    (-5.646e-02,+4.776e-01)
1     (+7.889e-01,+3.797e-01)    (+1.349e-01,+4.639e-01)
1     (+8.500e-01,+2.039e-01)    (+3.041e-01,+3.788e-01)
1     (+8.720e-01,+2.496e-02)    (+4.269e-01,+2.382e-01)
1     (+8.577e-01,-1.486e-01)    (+4.880e-01,+6.464e-02)
1     (+8.113e-01,-3.099e-01)    (+4.818e-01,-1.163e-01)
1     (+7.382e-01,-4.538e-01)    (+4.130e-01,-2.804e-01)
1     (+6.442e-01,-5.767e-01)    (+2.936e-01,-4.078e-01)
1     (+5.352e-01,-6.767e-01)    (+1.411e-01,-4.855e-01)
1     (+4.169e-01,-7.534e-01)    (-2.472e-02,-5.079e-01)
1     (+2.944e-01,-8.076e-01)    (-1.850e-01,-4.763e-01)
1     (+1.720e-01,-8.410e-01)    (-3.235e-01,-3.981e-01)
1     (+5.234e-02,-8.557e-01)    (-4.290e-01,-2.845e-01)
1     (-6.098e-02,-8.544e-01)    (-4.940e-01,-1.487e-01)
1     (-1.659e-01,-8.399e-01)    (-5.167e-01,-4.915e-03)
1     (-2.612e-01,-8.152e-01)    (-4.992e-01,+1.345e-01)
1     (-3.462e-01,-7.829e-01)    (-4.472e-01,+2.593e-01)
1     (-4.208e-01,-7.457e-01)    (-3.681e-01,+3.623e-01)
1     (-4.853e-01,-7.061e-01)    (-2.704e-01,+4.392e-01)
1     (-5.401e-01,-6.658e-01)    (-1.623e-01,+4.885e-01)
1     (-5.859e-01,-6.268e-01)    (-5.138e-02,+5.110e-01)
1     (-6.238e-01,-5.903e-01)    (+5.626e-02,+5.092e-01)
1     (-6.538e-01,-5.583e-01)    (+1.552e-01,+4.866e-01)
1     (-6.775e-01,-5.307e-01)    (+2.430e-01,+4.476e-01)
1     (-6.957e-01,-5.081e-01)    (+3.178e-01,+3.961e-01)
1     (-7.091e-01,-4.906e-01)    (+3.791e-01,+3.359e-01)
1     (-7.183e-01,-4.784e-01)    (+4.268e-01,+2.702e-01)
1     (-7.239e-01,-4.711e-01)    (+4.618e-01,+2.017e-01)
1     (-7.265e-01,-4.683e-01)    (+4.851e-01,+1.324e-01)
1     (-7.264e-01,-4.694e-01)    (+4.979e-01,+6.401e-02)
1     (-7.242e-01,-4.736e-01)    (+5.012e-01,-2.351e-03)
1     (-7.205e-01,-4.798e-01)    (+4.964e-01,-6.511e-02)
1     (-7.157e-01,-4.871e-01)    (+4.852e-01,-1.223e-01)
1     (+4.737e-01,+1.777e-01)    (+9.731e-02,+8.571e-01)
1     (+4.808e-01,+2.409e-01)    (+1.482e-01,+8.300e-01)
1     (+4.832e-01,+2.570e-01)    (+2.178e-01,+8.081e-01)
1     (+4.857e-01,+2.619e-01)    (+2.872e-01,+7.830e-01)
1     (+4.897e-01,+2.602e-01)    (+3.541e-01,+7.531e-01)
1     (+4.955e-01,+2.527e-01)    (+4.183e-01,+7.181e-01)
1     (+5.035e-01,+2.391e-01)    (+4.801e-01,+6.774e-01)
1     (+5.135e-01,+2.188e-01)    (+5.394e-01,+6.305e-01)
1     (+5.249e-01,+1.914e-01)    (+5.961e-01,+5.767e-01)
1     (+5.368e-01,+1.559e-01)    (+6.499e-01,+5.149e-01)
1     (+5.477e-01,+1.122e-01)    (+6.998e-01,+4.447e-01)
1     (+5.558e-01,+6.058e-02)    (+7.443e-01,+3.652e-01)
1     (+5.590e-01,+1.959e-03)    (+7.821e-01,+2.755e-01)
1     (+5.554e-01,-6.174e-02)    (+8.108e-01,+1.743e-01)
1     (+5.436e-01,-1.285e-01)    (+8.272e-01,+6.117e-02)
1     (+5.226e-01,-1.966e-01)    (+8.272e-01,-6.256e-02)
1     (+4.917e-01,-2.642e-01)    (+8.068e-01,-1.937e-01)
1     (+4.504e-01,-3.294e-01)    (+7.624e-01,-3.277e-01)
1     (+3.986e-01,-3.901e-01)    (+6.918e-01,-4.586e-01)
1     (+3.371e-01,-4.441e-01)    (+5.944e-01,-5.794e-01)
1     (+2.669e-01,-4.894e-01)    (+4.719e-01,-6.831e-01)
1     (+1.895e-01,-5.240e-01)    (+3.279e-01,-7.629e-01)
1     (+1.071e-01,-5.467e-01)    (+1.684e-01,-8.132e-01)
1     (+2.208e-02,-5.565e-01)    (+6.069e-04,-8.306e-01)
1     (-6.305e-02,-5.532e-01)    (-1.672e-01,-8.136e-01)
1     (-1.458e-01,-5.372e-01)    (-3.270e-01,-7.637e-01)
1     (-2.240e-01,-5.095e-01)    (-4.714e-01,-6.841e-01)
1     (-2.957e-01,-4.715e-01)    (-5.947e-01,-5.802e-01)
1     (-3.595e-01,-4.249e-01)    (-6.930e-01,-4.583e-01)
1     (-4.141e-01,-3.717e-01)    (-7.644e-01,-3.257e-01)
1     (-4.596e-01,-3.138e-01)    (-8.092e-01,-1.882e-01)
1     (-4.960e-01,-2.527e-01)    (-8.291e-01,-5.170e-02)
1     (-5.235e-01,-1.900e-01)    (-8.268e-01,+7.940e-02)
1     (-5.426e-01,-1.269e-01)    (-8.055e-01,+2.017e-01)
1     (-5.539e-01,-6.431e-02)    (-7.688e-01,+3.131e-01)
1     (-5.580e-01,-3.069e-03)    (-7.200e-01,+4.125e-01)
1     (-5.558e-01,+5.630e-02)    (-6.621e-01,+4.995e-01)
1     (-5.477e-01,+1.133e-01)    (-5.975e-01,+5.746e-01)
1     (-5.345e-01,+1.676e-01)    (-5.278e-01,+6.385e-01)
1     (-5.167e-01,+2.185e-01)    (-4.540e-01,+6.922e-01)
1     (-4.952e-01,+2.658e-01)    (-3.762e-01,+7.366e-01)
1     (-4.707e-01,+3.091e-01)    (-2.944e-01,+7.721e-01)
1     (-4.437e-01,+3.487e-01)    (-2.087e-01,+7.987e-01)
1     (-4.146e-01,+3.848e-01)    (-1.190e-01,+8.160e-01)
1     (-3.836e-01,+4.178e-01)    (-2.543e-02,+8.232e-01)
1     (-3.507e-01,+4.478e-01)    (+7.168e-02,+8.194e-01)
1     (-3.157e-01,+4.753e-01)    (+1.717e-01,+8.031e-01)
1     (-2.783e-01,+5.002e-01)    (+2.734e-01,+7.730e-01)
1     (-2.383e-01,+5.228e-01)    (+3.753e-01,+7.274e-01)
1     (-1.951e-01,+5.427e-01)    (+4.749e-01,+6.647e-01)
1     (-1.485e-01,+5.597e-01)    (+5.693e-01,+5.836e-01)
1     (-9.793e-02,+5.731e-01)    (+6.544e-01,+4.834e-01)
1     (-4.321e-02,+5.822e-01)    (+7.256e-01,+3.641e-01)
1     (+1.576e-02,+5.859e-01)    (+7.778e-01,+2.268e-01)
1     (+7.881e-02,+5.829e-01)    (+8.053e-01,+7.435e-02)
1     (+1.453e-01,+5.716e-01)    (+8.026e-01,-8.889e-02)
1     (+2.141e-01,+5.506e-01)    (+7.650e-01,-2.564e-01)
1     (+2.834e-01,+5.183e-01)    (+6.892e-01,-4.196e-01)
1     (+3.508e-01,+4.738e-01)    (+5.739e-01,-5.684e-01)
1     (+4.122e-01,+4.183e-01)    (+4.221e-01,-6.906e-01)
1     (+4.666e-01,+3.498e-01)    (+2.378e-01,-7.768e-01)
1     (+5.105e-01,+2.643e-01)    (+2.679e-02,-8.178e-01)
1     (+5.385e-01,+1.745e-01)    (-1.916e-01,-8.018e-01)
1     (+5.513e-01,+8.382e-02)    (-4.013e-01,-7.267e-01)
1     (+5.497e-01,-5.559e-03)    (-5.856e-01,-5.958e-01)
1     (+5.347e-01,-9.192e-02)    (-7.292e-01,-4.171e-01)
1     (+5.072e-01,-1.737e-01)    (-8.193e-01,-2.033e-01)
1     (+4.683e-01,-2.495e-01)    (-8.471e-01,+2.954e-02)
1     (+4.188e-01,-3.177e-01)    (-8.091e-01,+2.628e-01)
1     (+3.601e-01,-3.771e-01)    (-7.071e-01,+4.776e-01)
1     (+2.938e-01,-4.263e-01)    (-5.490e-01,+6.561e-01)
1     (+2.216e-01,-4.644e-01)    (-3.475e-01,+7.839e-01)
1     (+1.454e-01,-4.908e-01)    (-1.189e-01,+8.508e-01)
1     (+6.713e-02,-5.052e-01)    (+1.182e-01,+8.522e-01)
1     (-1.110e-02,-5.076e-01)    (+3.451e-01,+7.894e-01)
1     (-8.741e-02,-4.986e-01)    (+5.447e-01,+6.687e-01)
1     (-1.600e-01,-4.788e-01)    (+7.029e-01,+5.010e-01)
1     (-2.275e-01,-4.496e-01)    (+8.099e-01,+3.003e-01)
1     (-2.885e-01,-4.120e-01)    (+8.603e-01,+8.233e-02)
1     (-3.426e-01,-3.675e-01)    (+8.535e-01,-1.382e-01)
1     (-3.887e-01,-3.175e-01)    (+7.928e-01,-3.457e-01)
1     (-4.266e-01,-2.638e-01)    (+6.852e-01,-5.281e-01)
1     (-4.564e-01,-2.075e-01)    (+5.401e-01,-6.760e-01)
1     (-4.782e-01,-1.501e-01)    (+3.683e-01,-7.830e-01)
1     (-4.925e-01,-9.260e-02)    (+1.810e-01,-8.462e-01)
1     (-4.999e-01,-3.582e-02)    (-1.121e-02,-8.653e-01)
1     (-5.009e-01,+1.953e-02)    (-1.986e-01,-8.422e-01)
1     (-4.961e-01,+7.300e-02)    (-3.728e-01,-7.808e-01)
1     (-4.860e-01,+1.243e-01)    (-5.270e-01,-6.860e-01)
1     (-4.710e-01,+1.732e-01)    (-6.561e-01,-5.636e-01)
1     (-4.516e-01,+2.196e-01)    (-7.561e-01,-4.196e-01)
1     (-4.279e-01,+2.635e-01)    (-8.244e-01,-2.603e-01)
1     (-4.000e-01,+3.049e-01)    (-8.594e-01,-9.188e-02)
1     (-3.679e-01,+3.437e-01)    (-8.603e-01,+7.952e-02)
1     (-3.316e-01,+3.797e-01)    (-8.274e-01,+2.477e-01)
1     (-2.909e-01,+4.125e-01)    (-7.615e-01,+4.066e-01)
1     (-2.458e-01,+4.418e-01)    (-6.647e-01,+5.501e-01)
1     (-1.964e-01,+4.668e-01)    (-5.400e-01,+6.723e-01)
1     (-1.428e-01,+4.870e-01)    (-3.917e-01,+7.675e-01)
1     (-8.547e-02,+5.014e-01)    (-2.255e-01,+8.309e-01)
1     (-2.511e-02,+5.093e-01)    (-4.842e-02,+8.589e-01)
1     (+3.730e-02,+5.100e-01)    (+1.317e-01,+8.492e-01)
1     (+1.005e-01,+5.029e-01)    (+3.062e-01,+8.020e-01)
1     (+1.632e-01,+4.881e-01)    (+4.666e-01,+7.193e-01)
1     (+2.237e-01,+4.656e-01)    (+6.053e-01,+6.057e-01)
1     (+2.807e-01,+4.360e-01)    (+7.159e-01,+4.675e-01)
1     (+3.329e-01,+4.005e-01)    (+7.944e-01,+3.126e-01)
1     (+3.794e-01,+3.602e-01)    (+8.391e-01,+1.491e-01)
1     (+4.196e-01,+3.166e-01)    (+8.506e-01,-1.474e-02)
1     (+4.534e-01,+2.712e-01)    (+8.315e-01,-1.719e-01)
1     (+4.809e-01,+2.254e-01)    (+7.859e-01,-3.168e-01)
1     (+5.026e-01,+1.805e-01)    (+7.187e-01,-4.453e-01)
1     (+5.192e-01,+1.373e-01)    (+6.351e-01,-5.552e-01)
1     (+5.315e-01,+9.641e-02)    (+5.400e-01,-6.455e-01)
1     (+5.402e-01,+5.820e-02)    (+4.376e-01,-7.165e-01)
1     (+5.459e-01,+2.269e-02)    (+3.314e-01,-7.692e-01)
1     (+5.491e-01,-1.029e-02)    (+2.239e-01,-8.051e-01)
1     (+5.503e-01,-4.104e-02)    (+1.173e-01,-8.257e-01)
1     (+5.495e-01,-6.992e-02)    (+1.279e-02,-8.325e-01)
1     (+5.468e-01,-9.750e-02)    (-8.867e-02,-8.269e-01)
1     (+5.420e-01,-1.233e-01)    (-1.858e-01,-8.102e-01)
1     (+5.353e-01,-1.477e-01)    (-2.780e-01,-7.838e-01)
1     (+5.268e-01,-1.702e-01)    (-3.643e-01,-7.489e-01)
1     (+5.167e-01,-1.907e-01)    (-4.440e-01,-7.067e-01)
1     (+5.057e-01,-2.089e-01)    (-5.167e-01,-6.585e-01)
1     (+4.941e-01,-2.251e-01)    (-5.821e-01,-6.053e-01)
1     (+4.823e-01,-2.395e-01)    (-6.404e-01,-5.477e-01)
1     (+4.704e-01,-2.526e-01)    (-6.917e-01,-4.863e-01)
1     (+4.584e-01,-2.650e-01)    (-7.363e-01,-4.213e-01)
1     (+4.462e-01,-2.770e-01)    (-7.742e-01,-3.532e-01)
1     (+4.338e-01,-2.893e-01)    (-8.056e-01,-2.813e-01)
1     (+4.205e-01,-3.024e-01)    (-8.304e-01,-2.052e-01)
1     (+4.061e-01,-3.165e-01)    (-8.481e-01,-1.248e-01)
1     (+3.901e-01,-3.319e-01)    (-8.580e-01,-3.981e-02)
1     (+3.721e-01,-3.485e-01)    (-8.589e-01,+4.952e-02)
1     (+3.516e-01,-3.664e-01)    (-8.496e-01,+1.427e-01)
1     (+3.282e-01,-3.853e-01)    (-8.287e-01,+2.390e-01)
1     (+3.015e-01,-4.048e-01)    (-7.948e-01,+3.369e-01)
1     (+2.713e-01,-4.244e-01)    (-7.467e-01,+4.345e-01)
1     (+2.372e-01,-4.434e-01)    (-6.833e-01,+5.294e-01)
1     (+1.992e-01,-4.611e-01)    (-6.042e-01,+6.186e-01)
1     (+1.573e-01,-4.767e-01)    (-5.095e-01,+6.989e-01)
1     (+1.118e-01,-4.893e-01)    (-4.003e-01,+7.668e-01)
1     (+6.313e-02,-4.980e-01)    (-2.782e-01,+8.189e-01)
1     (+1.187e-02,-5.021e-01)    (-1.462e-01,+8.523e-01)
1     (-4.119e-02,-5.010e-01)    (-7.522e-03,+8.644e-01)
1     (-9.515e-02,-4.942e-01)    (+1.336e-01,+8.537e-01)
1     (-1.490e-01,-4.815e-01)    (+2.726e-01,+8.195e-01)
1     (-2.018e-01,-4.628e-01)    (+4.051e-01,+7.623e-01)
1     (-2.523e-01,-4.383e-01)    (+5.262e-01,+6.836e-01)
1     (-3.000e-01,-4.085e-01)    (+6.325e-01,+5.857e-01)
1     (-3.439e-01,-3.737e-01)    (+7.207e-01,+4.718e-01)
1     (-3.836e-01,-3.347e-01)    (+7.883e-01,+3.456e-01)
1     (-4.185e-01,-2.919e-01)    (+8.338e-01,+2.109e-01)
1     (-4.483e-01,-2.463e-01)    (+8.563e-01,+7.191e-02)
1     (-4.728e-01,-1.984e-01)    (+8.559e-01,-6.737e-02)
1     (-4.919e-01,-1.489e-01)    (+8.334e-01,-2.031e-01)
1     (-5.056e-01,-9.860e-02)    (+7.902e-01,-3.320e-01)
1     (-5.141e-01,-4.794e-02)    (+7.281e-01,-4.509e-01)
1     (-5.175e-01,+2.801e-03)    (+6.489e-01,-5.578e-01)
1     (-5.159e-01,+5.280e-02)    (+5.555e-01,-6.500e-01)
1     (-5.096e-01,+1.016e-01)    (+4.507e-01,-7.258e-01)
1     (-4.990e-01,+1.487e-01)    (+3.375e-01,-7.842e-01)
1     (-4.843e-01,+1.938e-01)    (+2.187e-01,-8.247e-01)
1     (-4.659e-01,+2.365e-01)    (+9.733e-02,-8.471e-01)
1     (-4.442e-01,+2.765e-01)    (-2.381e-02,-8.518e-01)
1     (-4.198e-01,+3.135e-01)    (-1.421e-01,-8.398e-01)
1     (-3.930e-01,+3.474e-01)    (-2.552e-01,-8.122e-01)
1     (-3.645e-01,+3.781e-01)    (-3.609e-01,-7.707e-01)
1     (-3.347e-01,+4.053e-01)    (-4.577e-01,-7.171e-01)
1     (-3.042e-01,+4.292e-01)    (-5.443e-01,-6.535e-01)
1     (-2.735e-01,+4.498e-01)    (-6.197e-01,-5.821e-01)
1     (-2.432e-01,+4.672e-01)    (-6.836e-01,-5.052e-01)
1     (-2.138e-01,+4.815e-01)    (-7.360e-01,-4.250e-01)
1     (-1.857e-01,+4.932e-01)    (-7.773e-01,-3.436e-01)
1     (-1.595e-01,+5.023e-01)    (-8.082e-01,-2.629e-01)
1     (-1.356e-01,+5.093e-01)    (-8.296e-01,-1.845e-01)
1     (-1.142e-01,+5.144e-01)    (-8.428e-01,-1.099e-01)
1     (-9.569e-02,+5.180e-01)    (-8.491e-01,-4.002e-02)
1     (-8.060e-02,+5.203e-01)    (-8.499e-01,+2.370e-02)
1     (-6.871e-02,+5.216e-01)    (-8.465e-01,+8.129e-02)
1     (-6.026e-02,+5.222e-01)    (-8.403e-01,+1.324e-01)
1     (-5.532e-02,+5.223e-01)    (-8.324e-01,+1.769e-01)
1     (-5.391e-02,+5.218e-01)    (-8.238e-01,+2.148e-01)
1     (-5.599e-02,+5.208e-01)    (-8.154e-01,+2.465e-01)
1     (-6.147e-02,+5.193e-01)    (-8.078e-01,+2.722e-01)
1     (-7.017e-02,+5.171e-01)    (-8.014e-01,+2.923e-01)
1     (-8.185e-02,+5.142e-01)    (-7.965e-01,+3.073e-01)
1     (-9.621e-02,+5.103e-01)    (-7.933e-01,+3.178e-01)
1     (-1.128e-01,+5.052e-01)    (-7.917e-01,+3.245e-01)
1     (-1.313e-01,+4.988e-01)    (-7.915e-01,+3.279e-01)
1     (-1.510e-01,+4.910e-01)    (-7.924e-01,+3.288e-01)
1     (-1.713e-01,+4.818e-01)    (-7.942e-01,+3.282e-01)
1     (-1.917e-01,+4.711e-01)    (-7.965e-01,+3.269e-01)
1     (-2.115e-01,+4.592e-01)    (-7.989e-01,+3.259e-01)
1     (-2.299e-01,+4.463e-01)    (-8.009e-01,+3.264e-01)
1     (-2.466e-01,+4.329e-01)    (-8.021e-01,+3.293e-01)
1     (-2.608e-01,+4.194e-01)    (-8.020e-01,+3.359e-01)
1     (-2.722e-01,+4.064e-01)    (-8.001e-01,+3.471e-01)
1     (-2.805e-01,+3.945e-01)    (-7.958e-01,+3.640e-01)
1     (-2.855e-01,+3.840e-01)    (-7.881e-01,+3.873e-01)
1     (-2.869e-01,+3.755e-01)    (-7.761e-01,+4.176e-01)
1     (-2.848e-01,+3.691e-01)    (-7.585e-01,+4.553e-01)
1     (-2.792e-01,+3.651e-01)    (-7.341e-01,+4.999e-01)
1     (-2.702e-01,+3.633e-01)    (-7.012e-01,+5.507e-01)
1     (-2.579e-01,+3.634e-01)    (-6.585e-01,+6.064e-01)
1     (-2.427e-01,+3.653e-01)    (-6.047e-01,+6.649e-01)
1     (-2.248e-01,+3.682e-01)    (-5.389e-01,+7.235e-01)
1     (-2.047e-01,+3.717e-01)    (-4.612e-01,+7.792e-01)
1     (-1.831e-01,+3.753e-01)    (-3.722e-01,+8.289e-01)
1     (-1.605e-01,+3.784e-01)    (-2.735e-01,+8.696e-01)
1     (-1.376e-01,+3.808e-01)    (-1.675e-01,+8.989e-01)
1     (-1.153e-01,+3.822e-01)    (-5.741e-02,+9.150e-01)
1     (-9.418e-02,+3.827e-01)    (+5.358e-02,+9.175e-01)
1     (-7.493e-02,+3.823e-01)    (+1.622e-01,+9.066e-01)
1     (-5.807e-02,+3.812e-01)    (+2.655e-01,+8.837e-01)
1     (-4.400e-02,+3.796e-01)    (+3.613e-01,+8.505e-01)
1     (-3.295e-02,+3.780e-01)    (+4.481e-01,+8.095e-01)
1     (-2.503e-02,+3.764e-01)    (+5.253e-01,+7.627e-01)
1     (-2.015e-02,+3.751e-01)    (+5.930e-01,+7.122e-01)
1     (-1.823e-02,+3.742e-01)    (+6.514e-01,+6.598e-01)
1     (-1.907e-02,+3.737e-01)    (+7.016e-01,+6.065e-01)
1     (-2.231e-02,+3.734e-01)    (+7.444e-01,+5.531e-01)
1     (-2.756e-02,+3.734e-01)    (+7.810e-01,+4.998e-01)
1     (-3.430e-02,+3.736e-01)    (+8.125e-01,+4.463e-01)
1     (-4.197e-02,+3.737e-01)    (+8.396e-01,+3.921e-01)
1     (-4.991e-02,+3.738e-01)    (+8.630e-01,+3.363e-01)
1     (-5.734e-02,+3.738e-01)    (+8.830e-01,+2.779e-01)
1     (-6.339e-02,+3.736e-01)    (+8.999e-01,+2.159e-01)
1     (-6.700e-02,+3.732e-01)    (+9.132e-01,+1.491e-01)
1     (-6.689e-02,+3.725e-01)    (+9.225e-01,+7.620e-02)
1     (-6.161e-02,+3.711e-01)    (+9.266e-01,-3.675e-03)
1     (-4.974e-02,+3.682e-01)    (+9.241e-01,-9.003e-02)
1     (-3.078e-02,+3.628e-01)    (+9.138e-01,-1.802e-01)
1     (-6.531e-03,+3.540e-01)    (+8.945e-01,-2.730e-01)
1     (+1.876e-02,+3.424e-01)    (+8.651e-01,-3.661e-01)
1     (+4.092e-02,+3.295e-01)    (+8.251e-01,-4.572e-01)
1     (+5.832e-02,+3.170e-01)    (+7.744e-01,-5.445e-01)
1     (+7.151e-02,+3.055e-01)    (+7.129e-01,-6.272e-01)
1     (+8.142e-02,+2.958e-01)    (+6.396e-01,-7.048e-01)
1     (+9.032e-02,+2.862e-01)    (+5.552e-01,-7.757e-01)
1     (+9.816e-02,+2.774e-01)    (+4.602e-01,-8.377e-01)
1     (+1.055e-01,+2.691e-01)    (+3.551e-01,-8.890e-01)
1     (+1.128e-01,+2.611e-01)    (+2.411e-01,-9.279e-01)
1     (+1.200e-01,+2.532e-01)    (+1.198e-01,-9.524e-01)
1     (+1.275e-01,+2.453e-01)    (-6.902e-03,-9.610e-01)
1     (+1.352e-01,+2.372e-01)    (-1.365e-01,-9.523e-01)
1     (+1.430e-01,+2.289e-01)    (-2.663e-01,-9.253e-01)
1     (+1.509e-01,+2.202e-01)    (-3.933e-01,-8.798e-01)
1     (+1.588e-01,+2.110e-01)    (-5.150e-01,-8.155e-01)
1     (+1.668e-01,+2.016e-01)    (-6.275e-01,-7.333e-01)
1     (+1.747e-01,+1.919e-01)    (-7.278e-01,-6.348e-01)
1     (+1.824e-01,+1.817e-01)    (-8.133e-01,-5.218e-01)
1     (+1.898e-01,+1.712e-01)    (-8.816e-01,-3.968e-01)
1     (+1.968e-01,+1.604e-01)    (-9.309e-01,-2.627e-01)
1     (+2.035e-01,+1.493e-01)    (-9.598e-01,-1.226e-01)
1     (+2.097e-01,+1.379e-01)    (-9.678e-01,+2.028e-02)
1     (+2.155e-01,+1.262e-01)    (-9.546e-01,+1.626e-01)
1     (+2.208e-01,+1.143e-01)    (-9.206e-01,+3.012e-01)
1     (+2.258e-01,+1.022e-01)    (-8.669e-01,+4.325e-01)
1     (+2.300e-01,+8.990e-02)    (-7.948e-01,+5.543e-01)
1     (+2.338e-01,+7.737e-02)    (-7.059e-01,+6.641e-01)
1     (+2.370e-01,+6.455e-02)    (-6.021e-01,+7.597e-01)
1     (+2.398e-01,+5.139e-02)    (-4.854e-01,+8.392e-01)
1     (+2.419e-01,+3.784e-02)    (-3.582e-01,+9.010e-01)
1     (+2.435e-01,+2.383e-02)    (-2.228e-01,+9.437e-01)
1     (+2.444e-01,+9.305e-03)    (-8.196e-02,+9.662e-01)
1     (+2.445e-01,-5.806e-03)    (+6.175e-02,+9.677e-01)
1     (+2.437e-01,-2.154e-02)    (+2.054e-01,+9.476e-01)
1     (+2.419e-01,-3.785e-02)    (+3.461e-01,+9.057e-01)
1     (+2.389e-01,-5.487e-02)    (+4.804e-01,+8.421e-01)
1     (+2.345e-01,-7.246e-02)    (+6.049e-01,+7.575e-01)
1     (+2.286e-01,-9.051e-02)    (+7.161e-01,+6.532e-01)
1     (+2.210e-01,-1.089e-01)    (+8.106e-01,+5.312e-01)
1     (+2.115e-01,-1.272e-01)    (+8.852e-01,+3.943e-01)
1     (+2.002e-01,-1.454e-01)    (+9.372e-01,+2.458e-01)
1     (+1.869e-01,-1.630e-01)    (+9.646e-01,+9.006e-02)
1     (+1.717e-01,-1.797e-01)    (+9.662e-01,-6.837e-02)
1     (+1.549e-01,-1.952e-01)    (+9.421e-01,-2.245e-01)
1     (+1.369e-01,-2.093e-01)    (+8.929e-01,-3.744e-01)
1     (+1.174e-01,-2.214e-01)    (+8.212e-01,-5.127e-01)
1     (+9.721e-02,-2.316e-01)    (+7.301e-01,-6.355e-01)
1     (+7.678e-02,-2.398e-01)    (+6.238e-01,-7.399e-01)
1     (+5.655e-02,-2.458e-01)    (+5.066e-01,-8.245e-01)
1     (+3.694e-02,-2.500e-01)    (+3.830e-01,-8.885e-01)
1     (+1.831e-02,-2.526e-01)    (+2.572e-01,-9.326e-01)
1     (+9.757e-04,-2.536e-01)    (+1.330e-01,-9.581e-01)
1     (-1.485e-02,-2.536e-01)    (+1.338e-02,-9.671e-01)
1     (-2.902e-02,-2.528e-01)    (-9.951e-02,-9.620e-01)
1     (-4.146e-02,-2.514e-01)    (-2.042e-01,-9.452e-01)
1     (-5.218e-02,-2.497e-01)    (-2.998e-01,-9.192e-01)
1     (-6.122e-02,-2.480e-01)    (-3.863e-01,-8.863e-01)
1     (-6.866e-02,-2.463e-01)    (-4.638e-01,-8.482e-01)
1     (-7.462e-02,-2.449e-01)    (-5.328e-01,-8.066e-01)
1     (-7.924e-02,-2.438e-01)    (-5.941e-01,-7.624e-01)
1     (-8.266e-02,-2.429e-01)    (-6.485e-01,-7.166e-01)
1     (-8.502e-02,-2.425e-01)    (-6.969e-01,-6.696e-01)
1     (-8.647e-02,-2.423e-01)    (-7.400e-01,-6.215e-01)
1     (-8.714e-02,-2.424e-01)    (-7.785e-01,-5.724e-01)
1     (-8.673e-02,-2.425e-01)    (-8.129e-01,-5.224e-01)
1     (-8.624e-02,-2.430e-01)    (-8.437e-01,-4.708e-01)
1     (-8.539e-02,-2.438e-01)    (-8.713e-01,-4.173e-01)
1     (-8.433e-02,-2.446e-01)    (-8.958e-01,-3.614e-01)
1     (-8.328e-02,-2.457e-01)    (-9.171e-01,-3.027e-01)
1     (-8.273e-02,-2.468e-01)    (-9.350e-01,-2.407e-01)
1     (-8.470e-02,-2.485e-01)    (-9.490e-01,-1.747e-01)
1     (+2.471e-01,-5.806e-01)    (-1.316e-01,-7.645e-01)
1     (-6.052e-01,+4.228e-01)    (-1.912e-01,+6.469e-01)
1     (-6.092e-01,+4.206e-01)    (-1.403e-01,+6.574e-01)
