        -0.00171552778         0.00000099293        -0.00040496064
        -0.00143690382         0.00045406078         0.00003640307
        -0.00114231094        -0.00004394664        -0.00051207683
        -0.00003917487        -0.00034617547        -0.00001227589
        -0.00002919816        -0.00047390567        -0.00006981744
        -0.00000879291        -0.00037640760         0.00003053145
        -0.00031759630         0.00021128383        -0.00002054305
        -0.00035011507         0.00016690472         0.00003573035
        -0.00025975625         0.00014752189        -0.00006479266
         0.00032304484         0.00066127930         0.00029314159
         0.00064040747         0.00110076543         0.00083815114
         0.00021689726         0.00041536836         0.00005480498
        -0.00004865350        -0.00019256092         0.00020401385
        -0.00008858338        -0.00017841073         0.00024297748
        -0.00001042079        -0.00022461527         0.00026901220
         0.00008596408        -0.00083888601         0.00110773629
        -0.00093331623        -0.00150158475         0.00160369894
         0.00053286697        -0.00130267205         0.00111827329
        -0.00011622855        -0.00005641704         0.00036629524
        -0.00007792473        -0.00000450758         0.00032272084
        -0.00020113694        -0.00004630422         0.00039300045
        -0.00028137457        -0.00001667432        -0.00014773628
        -0.00020726790        -0.00008258765        -0.00014860358
        -0.00029638129        -0.00000514376        -0.00019320099
         0.00041012510         0.00001924261        -0.00010082378
         0.00029168415         0.00002076192        -0.00008304801
         0.00044455566         0.00012226890         0.00001626124
        -0.00012863733         0.00021210339         0.00001797466
        -0.00012640597         0.00026892811         0.00004540316
        -0.00018488903         0.00023939469         0.00001267288
         0.00023530847         0.00012999175         0.00039865774
         0.00018248684         0.00006535084         0.00028562084
         0.00025160545         0.00009805699         0.00054340422
         0.00015845319        -0.00025339629        -0.00013908375
         0.00022257480        -0.00021326412        -0.00015239708
         0.00003474425        -0.00020474963        -0.00014760497
        -0.00043967381         0.00008797391         0.00027855299
        -0.00029519551         0.00007939374         0.00021224694
        -0.00041770666        -0.00002241117         0.00029088836
        -0.00018357192        -0.00011101041         0.00024333187
        -0.00015860097        -0.00006530504         0.00018061265
        -0.00020264356        -0.00015557928         0.00021101155
        -0.00029178735        -0.00017212166        -0.00046866340
        -0.00020587517        -0.00039473229        -0.00033961594
        -0.00014429713        -0.00012386071        -0.00034892026
         0.00109146754         0.00003270201         0.00019063676
         0.00135541279        -0.00021160476        -0.00013459490
         0.00065795296        -0.00002600786         0.00005129012
        -0.00007694738        -0.00015052355        -0.00014259651
        -0.00010015543        -0.00021281028        -0.00021072229
        -0.00000835159        -0.00014129403        -0.00015449785
         0.00002195490        -0.00075000210        -0.00034153335
         0.00041204782        -0.00069307960        -0.00051374203
        -0.00038093291        -0.00127178049        -0.00029574566
         0.00009808441         0.00000250143         0.00014149526
         0.00008535144        -0.00002390828         0.00011661995
         0.00012131047         0.00000089638         0.00014619123
         0.00001362120         0.00024043437        -0.00016351096
         0.00002615213         0.00018503022        -0.00017502355
        -0.00000312063         0.00017746781        -0.00012471719
        -0.00019570933        -0.00049996032        -0.00012689822
        -0.00014044503        -0.00036563812        -0.00004173227
        -0.00014458414        -0.00031350354        -0.00026451153
         0.00002669594        -0.00057080264         0.00068956438
         0.00011634363        -0.00065483372         0.00050327295
        -0.00018150616        -0.00084677729         0.00110327063
        -0.00000291795        -0.00012176125        -0.00027438091
        -0.00002525487        -0.00008673945        -0.00024062036
        -0.00000814675        -0.00000219637        -0.00028827423
         0.00007643754         0.00011264418         0.00028179763
         0.00010356563         0.00020176729         0.00034815321
         0.00008015578         0.00009560206         0.00024253582
        -0.00025617199        -0.00036509325         0.00085709615
        -0.00024834984        -0.00021232268         0.00054830414
        -0.00004188120        -0.00046094788         0.00061548440
         0.00020497655        -0.00018596826        -0.00020742837
         0.00013077713        -0.00013391451        -0.00013586476
         0.00018258662        -0.00009732564        -0.00035310134
        -0.00040746092        -0.00011210513        -0.00000884108
        -0.00051574266        -0.00003829919         0.00002568326
        -0.00043496583        -0.00015466788        -0.00010108066
         0.00034873061         0.00028228757         0.00024104161
         0.00036028596         0.00024675308         0.00032781568
         0.00038881753         0.00045985605         0.00033522819
        -0.00073594531         0.00087561884         0.00041641749
        -0.00058130080         0.00081496755         0.00007034038
        -0.00071654111         0.00051097745         0.00034852125
         0.00009123413         0.00044715335        -0.00030802333
         0.00004881348         0.00072483729        -0.00033569048
         0.00016938655         0.00040501092        -0.00042603319
         0.00015898612        -0.00000143139         0.00011877155
         0.00014441787         0.00003353170         0.00010689226
         0.00014722262        -0.00001500422         0.00007811931
        -0.00028680520         0.00142644140         0.00002946215
        -0.00073840902         0.00174001706        -0.00021562450
         0.00008557968         0.00194431416         0.00012600576
         0.00023074747        -0.00016266747        -0.00021016064
         0.00016595407        -0.00014442469        -0.00012420609
         0.00032200052        -0.00018252230        -0.00025350138
        -0.00123620595         0.00136312024        -0.00121663182
        -0.00151881154         0.00228555488        -0.00234227109
        -0.00104156092         0.00040996731        -0.00105563729
        -0.00009962427         0.00048996086        -0.00013579409
        -0.00001706848         0.00044197674         0.00002758816
        -0.00003048719         0.00030604698        -0.00017169689
         0.00021794841        -0.00064976687         0.00010894213
         0.00004298597        -0.00062073957        -0.00000774674
         0.00027666197        -0.00047540373        -0.00006916548
         0.00041595136        -0.00014930896        -0.00034074401
         0.00025858739        -0.00014843007        -0.00021324706
         0.00037051428         0.00000532971        -0.00032201331
         0.00018767125        -0.00052969463        -0.00001274405
         0.00028275207        -0.00047791142        -0.00005077020
         0.00010321898        -0.00031783346        -0.00002769814
         0.00006044600         0.00027013877         0.00015555018
         0.00007811852         0.00021957247         0.00021766916
         0.00005330042         0.00020656010         0.00010620446
        -0.00194244697        -0.00155042272         0.00088739309
        -0.00321432114        -0.00319399599         0.00262815276
        -0.00137857738        -0.00073355619         0.00098930350
        -0.00021676922         0.00052200895        -0.00026150063
        -0.00007278975         0.00044201987        -0.00025644120
        -0.00015879352         0.00034442969        -0.00028956653
        -0.00022766104        -0.00022409178         0.00011931634
        -0.00027371431        -0.00020618428         0.00007933909
        -0.00017836219        -0.00027370994         0.00008133839
         0.00131983925         0.00197425132         0.00155312638
         0.00053203252         0.00175176135         0.00210277242
         0.00161697326         0.00105876094         0.00116802874
        -0.00056679349        -0.00034175996        -0.00052183829
        -0.00022814446        -0.00030644446        -0.00048780777
        -0.00094826624        -0.00070158631        -0.00079685914
         0.00012677458        -0.00006745457         0.00067124879
        -0.00000534293        -0.00007701439         0.00056814177
         0.00018018341        -0.00021949217         0.00081537715
         0.00008728514        -0.00018472704         0.00009550515
         0.00009943601        -0.00024415149         0.00014816099
         0.00010126312        -0.00016408509         0.00014544982
         0.00002908223        -0.00025970775        -0.00047248598
        -0.00015028706        -0.00037970238        -0.00052795378
         0.00004012711        -0.00014492680        -0.00032045610
         0.00007567891        -0.00002310317        -0.00019621025
         0.00011885482        -0.00005622423        -0.00022254113
         0.00008149176        -0.00006449394        -0.00022884133
         0.00030660479         0.00041605820        -0.00001963555
         0.00040116635         0.00046984521         0.00014685368
         0.00033883407         0.00064899979        -0.00013125372
         0.00010244050        -0.00026779131         0.00014057655
         0.00007965106        -0.00025158498         0.00009112636
         0.00018075092        -0.00029636061         0.00006735651
         0.00131307271         0.00031017233        -0.00045338761
         0.00100022120         0.00007432573        -0.00033686521
         0.00189257900         0.00124590108        -0.00009723436
        -0.00015327479         0.00017947182         0.00019832634
        -0.00019161471         0.00027776060         0.00024505068
        -0.00014534670         0.00014567829         0.00024767697
        -0.00030406067         0.00010567612        -0.00000285916
        -0.00033425526         0.00006683473        -0.00005836090
        -0.00036487085         0.00019666539         0.00002594801
        -0.00015011908        -0.00018582330        -0.00003307750
        -0.00021628936        -0.00026996185        -0.00005080666
        -0.00010093251        -0.00015479213        -0.00005975231
         0.00246313384        -0.00022364607        -0.00152150956
         0.00157311109        -0.00169187653        -0.00218494391
         0.00091686885        -0.00021528118        -0.00111895280
        -0.00167102506         0.00283764995        -0.00230473001
        -0.00100368701         0.00577787914        -0.00255429331
        -0.00076728322         0.00144432329        -0.00096530144
        -0.00000814947         0.00010582701         0.00016125107
        -0.00000527253         0.00012678246         0.00013968363
         0.00001196733         0.00010674652         0.00019770107
         0.00023766046         0.00159626015        -0.00113209628
        -0.00026520516         0.00182320988        -0.00053013643
         0.00184369626         0.00303430353        -0.00173733347
         0.00005468969         0.00020306608         0.00024890444
         0.00005086907         0.00028015403         0.00026680056
         0.00010050184         0.00020885289         0.00031383803
         0.00332507599        -0.00130272912        -0.00192433790
         0.00392251051        -0.00284353570        -0.00078705019
         0.00139308160        -0.00061436756        -0.00089837737
         0.00036407209        -0.00002195895        -0.00012490918
         0.00064473937         0.00000897210        -0.00015555213
         0.00030522030         0.00004202652        -0.00013198229
         0.00016528241         0.00008195664        -0.00012625710
         0.00011334814         0.00006262675        -0.00009255739
         0.00021337423         0.00016075566        -0.00012069350
        -0.00032342680         0.00013029930        -0.00027738055
        -0.00026661390         0.00021960063        -0.00026020020
        -0.00033511347         0.00006029126        -0.00036713752
        -0.00024932234        -0.00431896574         0.00103838622
         0.00036144562        -0.00220073601         0.00081161032
        -0.00076639217        -0.00211101202        -0.00070720615
         0.00031262608        -0.00015434463         0.00008691428
         0.00031084270        -0.00011234197         0.00006845043
         0.00042316140        -0.00020740098         0.00002258528
         0.00008021995         0.00009519777         0.00018291542
         0.00006332668         0.00008360852         0.00013744202
         0.00009323134         0.00006202875         0.00017981911
        -0.00009349221         0.00012798639        -0.00023113390
        -0.00003339801         0.00006965208        -0.00019925231
        -0.00011493632         0.00010847491        -0.00017104961
        -0.00003572836        -0.00000578969        -0.00035330879
         0.00001970347         0.00004227040        -0.00026314397
        -0.00002118054         0.00016572602        -0.00055063276
         0.00006394987         0.00041947528         0.00018611841
         0.00007290951         0.00061396951         0.00022511782
        -0.00000246504         0.00035690990         0.00013775384
         0.00203774690        -0.00082219729        -0.00315454677
        -0.00008365180         0.00054829563        -0.00570115902
         0.00704285878        -0.00167039028        -0.00171120102
        -0.00001238609         0.00002812518         0.00032165070
         0.00001870349         0.00007546796         0.00035138522
        -0.00000530631         0.00001706286         0.00023037148
         0.00035400849         0.00025190005        -0.00016156564
         0.00028753066         0.00010321996        -0.00015985130
         0.00055026925         0.00030003321        -0.00021926538
        -0.00070922636         0.00139537929         0.00345748225
        -0.00133949407         0.00161831921         0.00209457063
        -0.00071276469         0.00010612452         0.00252297808
        -0.00050858051         0.00074381208         0.00152082015
        -0.00035810812         0.00041390533         0.00092153045
        -0.00095256846         0.00105886348         0.00140530103
        -0.00155328316        -0.00137949595         0.00311136733
        -0.00183788319        -0.00315176870         0.00702772604
        -0.00094880383        -0.00021370171         0.00305989527
         0.00011378697        -0.00009634652         0.00020718195
         0.00008540995        -0.00007688932         0.00017212511
         0.00011185696        -0.00003679179         0.00025710687
        -0.00032141366         0.00002180825         0.00010386169
        -0.00030262358         0.00005321101         0.00007037206
        -0.00027211767        -0.00002713758         0.00005120161
         0.00013148029        -0.00018374294        -0.00030358286
         0.00011839733        -0.00011420878        -0.00019359405
         0.00029268759        -0.00016720119        -0.00028556631
         0.00293434432        -0.00139873301         0.00035758134
         0.00109362079        -0.00079772854         0.00060773963
         0.00375123507        -0.00065953194         0.00290930288
         0.00000954955         0.00013750587        -0.00014909748
         0.00001261460         0.00015420606        -0.00009497990
         0.00001122692         0.00009036707        -0.00013255535
        -0.00001701991        -0.00007966969        -0.00018623006
         0.00001419288        -0.00010916016        -0.00014451467
        -0.00001473491        -0.00006009882        -0.00013591282
         0.00042800022        -0.00015845232        -0.00044396672
         0.00067143341        -0.00019410532        -0.00085960337
         0.00020533654        -0.00007648792        -0.00044451248
        -0.00056800608        -0.00064935460        -0.00001174448
        -0.00102324482        -0.00096068530         0.00035526450
        -0.00047097966        -0.00068925519        -0.00006743797
        -0.00007538182        -0.00021600578         0.00003579573
        -0.00008057321        -0.00022753356         0.00010230450
        -0.00003886187        -0.00018113008         0.00002436734
         0.00028226711        -0.00004669277         0.00002054196
         0.00022506357        -0.00002210719         0.00005969729
         0.00021755621        -0.00005187559        -0.00004087128
        -0.00017322684         0.00003190885        -0.00043153462
        -0.00022265920         0.00012948448        -0.00042522116
        -0.00033945063         0.00000542942        -0.00047295306
        -0.00000122211         0.00016487389         0.00008995839
        -0.00001026463         0.00013934111         0.00006515836
        -0.00000592802         0.00021612181         0.00008916998
         0.00049368328         0.00025315294         0.00050024796
         0.00041190697         0.00018489754         0.00075557348
         0.00037130399         0.00006903765         0.00030886791
         0.00009254099        -0.00006176062        -0.00018118338
         0.00008438012        -0.00006348635        -0.00015809041
         0.00003944956        -0.00005287148        -0.00025752821
        -0.00010911742         0.00022727915        -0.00016922754
        -0.00006051902         0.00017132524        -0.00013240242
        -0.00009187483         0.00031920692        -0.00020676053
        -0.00027546350         0.00020204340         0.00039458260
        -0.00027837295         0.00010741167         0.00031644789
        -0.00019082579         0.00019127136         0.00028887330
        -0.00000241107        -0.00021614013        -0.00016591600
         0.00001366333        -0.00032365479        -0.00023819309
        -0.00001504089        -0.00019303335        -0.00018209588
         0.00003637396        -0.00005229692        -0.00018361336
         0.00000674504        -0.00005800501        -0.00015403189
         0.00008260000        -0.00000099168        -0.00018317145
         0.00002894158         0.00012022427        -0.00048273325
        -0.00003769105         0.00005640899        -0.00036661518
        -0.00007795581         0.00028003676        -0.00074700643
         0.00006182711        -0.00016085758        -0.00007451752
         0.00007169641        -0.00018020163        -0.00001878190
         0.00009112522        -0.00019450889        -0.00013394134
        -0.00044441771         0.00047732938         0.00009561032
        -0.00028456467         0.00037607168         0.00010120834
        -0.00047204110         0.00073516032         0.00012558852
        -0.00001486724         0.00038155769         0.00007698351
         0.00003460088         0.00050261696         0.00015041226
        -0.00000934697         0.00039598898        -0.00002210346
   0.02587393859068792823  -0.01834455334730880627  -0.02416101676443149771
   0.02070599012403526173   0.01248304228682446670   0.00794200730113941988
  -0.04655372726543294259   0.00732980539532419526   0.01791815572438987259
